#Layer_Color=32768
#
#Feature symbol names
#
$0 r3.937
$1 r1.9685
$2 r6

#
#Feature attribute names
#

#
#Layer features
#
L 1.0536221 1.3667407 1.0536221 1.539969 1 P 0
L 1.0536221 1.3667407 1.1402363 1.3667407 1 P 0
L 1.0536221 1.539969 1.1402363 1.539969 1 P 0
L 1.0772441 1.4533549 1.1166142 1.4533549 0 P 0
L 1.0969292 1.4336698 1.0969292 1.4730399 0 P 0
L 1.1083071 2.0919291 1.1083071 2.5700787 0 P 0
L 1.1083071 2.0919291 1.5216929 2.0919291 0 P 0
L 1.1083071 2.5700787 1.5216929 2.5700787 0 P 0
L 1.1142991 4.8766929 1.1142991 4.9633071 1 P 0
L 1.1142991 4.8766929 1.2875274 4.8766929 1 P 0
L 1.1142991 4.9633071 1.2875274 4.9633071 1 P 0
L 1.114941 2.1864567 1.114941 2.4935433 1 P 0
L 1.114941 2.1864567 1.4456497 2.1864567 1 P 0
L 1.114941 2.4935433 1.4456497 2.4935433 1 P 0
L 1.1402363 1.3667407 1.1402363 1.539969 1 P 0
L 1.1769883 1.3667407 1.1769883 1.539969 1 P 0
L 1.1769883 1.3667407 1.2636025 1.3667407 1 P 0
L 1.1769883 1.539969 1.2636025 1.539969 1 P 0
L 1.1812282 4.92 1.2205983 4.92 0 P 0
L 1.2006103 1.4533549 1.2399804 1.4533549 0 P 0
L 1.2009133 4.9003149 1.2009133 4.939685 0 P 0
L 1.2202954 1.4336698 1.2202954 1.4730399 0 P 0
L 1.2606103 2.34 1.2999804 2.34 0 P 0
L 1.2636025 1.3667407 1.2636025 1.539969 1 P 0
L 1.2802954 2.3203149 1.2802954 2.359685 0 P 0
L 1.2875274 4.8766929 1.2875274 4.9633071 1 P 0
L 1.295315 2.4224409 1.334685 2.4224409 0 P 0
L 1.315 2.4027559 1.315 2.442126 0 P 0
L 1.3256692 3.5873228 1.3256692 3.7526772 1 P 0
L 1.3256692 3.5873228 1.4674015 3.5873228 1 P 0
L 1.3256692 3.7526772 1.4674015 3.7526772 1 P 0
L 1.3768503 3.67 1.4162204 3.67 0 P 0
L 1.3965354 3.650315 1.3965354 3.689685 0 P 0
L 1.4456497 2.1864567 1.4456497 2.4935433 1 P 0
L 1.4674015 3.5873228 1.4674015 3.7526772 1 P 0
L 1.5216929 2.0919291 1.5216929 2.5700787 0 P 0
L 1.5683071 2.0919291 1.5683071 2.5700787 0 P 0
L 1.5683071 2.0919291 1.9816929 2.0919291 0 P 0
L 1.5683071 2.5700787 1.9816929 2.5700787 0 P 0
L 1.614941 2.1864567 1.614941 2.4935433 1 P 0
L 1.614941 2.1864567 1.9456497 2.1864567 1 P 0
L 1.614941 2.4935433 1.9456497 2.4935433 1 P 0
L 1.755315 2.4224409 1.794685 2.4224409 0 P 0
L 1.7606103 2.34 1.7999804 2.34 0 P 0
L 1.775 2.4027559 1.775 2.442126 0 P 0
L 1.7802954 2.3203149 1.7802954 2.359685 0 P 0
L 1.9456497 2.1864567 1.9456497 2.4935433 1 P 0
L 1.947 4.0915 1.947 4.1985 2 P 0
L 1.947 4.0915 1.98 4.0915 2 P 0
L 1.947 4.1985 1.981 4.1985 2 P 0
L 1.98 4.015 1.98 4.0915 2 P 0
L 1.98 4.015 2.243 4.015 2 P 0
L 1.981 4.1985 1.981 4.274 2 P 0
L 1.981 4.274 2.217 4.274 2 P 0
L 1.9816929 2.0919291 1.9816929 2.5700787 0 P 0
L 2.0047717 4.8716929 2.0047717 4.9583071 1 P 0
L 2.0047717 4.8716929 2.178 4.8716929 1 P 0
L 2.0047717 4.9583071 2.178 4.9583071 1 P 0
L 2.0183071 2.0919291 2.0183071 2.5700787 0 P 0
L 2.0183071 2.0919291 2.4316929 2.0919291 0 P 0
L 2.0183071 2.5700787 2.4316929 2.5700787 0 P 0
L 2.0617323 3.6815748 2.0617323 3.9729134 1 P 0
L 2.0617323 3.6815748 2.2782677 3.6815748 1 P 0
L 2.0617323 3.9729134 2.2782677 3.9729134 1 P 0
L 2.0717008 4.915 2.1110709 4.915 0 P 0
L 2.0913858 4.895315 2.0913858 4.9346851 0 P 0
L 2.0958661 3.5334646 2.0958661 3.6673229 1 P 0
L 2.0958661 3.5334646 2.259252 3.5334646 1 P 0
L 2.0958661 3.6673229 2.259252 3.6673229 1 P 0
L 2.1173269 2.1864567 2.1173269 2.4935433 1 P 0
L 2.1173269 2.1864567 2.4480356 2.1864567 1 P 0
L 2.1173269 2.4935433 2.4480356 2.4935433 1 P 0
L 2.150315 3.8272441 2.189685 3.8272441 0 P 0
L 2.157874 3.6003937 2.1972441 3.6003937 0 P 0
L 2.17 3.807559 2.17 3.8469291 0 P 0
L 2.177559 3.5807087 2.177559 3.6200788 0 P 0
L 2.178 4.8716929 2.178 4.9583071 1 P 0
L 2.199252 3.8590271 2.199252 3.9456413 1 P 0
L 2.199252 3.8590271 2.3724803 3.8590271 1 P 0
L 2.199252 3.9456413 2.3724803 3.9456413 1 P 0
L 2.205315 2.4224409 2.244685 2.4224409 0 P 0
L 2.217 4.274 2.242 4.249 2 P 0
L 2.225 2.4027559 2.225 2.442126 0 P 0
L 2.242 4.1985 2.242 4.249 2 P 0
L 2.242 4.1985 2.271 4.1985 2 P 0
L 2.243 4.015 2.243 4.0915 2 P 0
L 2.243 4.0915 2.271 4.0915 2 P 0
L 2.259252 3.5334646 2.259252 3.6673229 1 P 0
L 2.2629962 2.34 2.3023663 2.34 0 P 0
L 2.2661811 3.9023342 2.3055512 3.9023342 0 P 0
L 2.271 4.0915 2.271 4.1985 2 P 0
L 2.2782677 3.6815748 2.2782677 3.9729134 1 P 0
L 2.2826813 2.3203149 2.2826813 2.359685 0 P 0
L 2.2858661 3.8826492 2.2858661 3.9220193 0 P 0
L 2.3133859 2.9060629 2.3133859 2.9926771 1 P 0
L 2.3133859 2.9060629 2.4866142 2.9060629 1 P 0
L 2.3133859 2.9926771 2.4866142 2.9926771 1 P 0
L 2.3724803 3.8590271 2.3724803 3.9456413 1 P 0
L 2.380315 2.94937 2.4196851 2.94937 0 P 0
L 2.4 2.929685 2.4 2.9690551 0 P 0
L 2.4316929 2.0919291 2.4316929 2.5700787 0 P 0
L 2.4480356 2.1864567 2.4480356 2.4935433 1 P 0
L 2.4583858 6.2366929 2.4583858 6.3233071 1 P 0
L 2.4583858 6.2366929 2.6316141 6.2366929 1 P 0
L 2.4583858 6.3233071 2.6316141 6.3233071 1 P 0
L 2.4583858 6.3366929 2.4583858 6.4233071 1 P 0
L 2.4583858 6.3366929 2.6316141 6.3366929 1 P 0
L 2.4583858 6.4233071 2.6316141 6.4233071 1 P 0
L 2.4866142 2.9060629 2.4866142 2.9926771 1 P 0
L 2.487945 2.0919291 2.487945 2.5700787 0 P 0
L 2.487945 2.0919291 2.9013308 2.0919291 0 P 0
L 2.487945 2.5700787 2.9013308 2.5700787 0 P 0
L 2.5253149 6.28 2.564685 6.28 0 P 0
L 2.5253149 6.38 2.564685 6.38 0 P 0
L 2.545 6.2603149 2.545 6.299685 0 P 0
L 2.545 6.3603149 2.545 6.399685 0 P 0
L 2.614941 2.1864567 2.614941 2.4935433 1 P 0
L 2.614941 2.1864567 2.9456497 2.1864567 1 P 0
L 2.614941 2.4935433 2.9456497 2.4935433 1 P 0
L 2.6173228 3.0119684 2.6173228 3.1537007 1 P 0
L 2.6173228 3.0119684 2.7826771 3.0119684 1 P 0
L 2.6173228 3.1537007 2.7826771 3.1537007 1 P 0
L 2.6316141 6.2366929 2.6316141 6.3233071 1 P 0
L 2.6316141 6.3366929 2.6316141 6.4233071 1 P 0
L 2.6366929 1.3775197 2.6366929 1.550748 1 P 0
L 2.6366929 1.3775197 2.7233071 1.3775197 1 P 0
L 2.6366929 1.550748 2.7233071 1.550748 1 P 0
L 2.6366929 1.7133858 2.6366929 1.8866141 1 P 0
L 2.6366929 1.7133858 2.7233071 1.7133858 1 P 0
L 2.6366929 1.8866141 2.7233071 1.8866141 1 P 0
L 2.6603149 1.4641339 2.699685 1.4641339 0 P 0
L 2.6603149 1.8 2.699685 1.8 0 P 0
L 2.6749529 2.4224409 2.7143229 2.4224409 0 P 0
L 2.68 1.4444488 2.68 1.4838189 0 P 0
L 2.68 1.7803149 2.68 1.819685 0 P 0
L 2.6803149 3.0828346 2.719685 3.0828346 0 P 0
L 2.6946379 2.4027559 2.6946379 2.442126 0 P 0
L 2.7 3.0631495 2.7 3.1025196 0 P 0
L 2.7233071 1.3775197 2.7233071 1.550748 1 P 0
L 2.7233071 1.7133858 2.7233071 1.8866141 1 P 0
L 2.7496929 1.3733858 2.7496929 1.5466141 1 P 0
L 2.7496929 1.3733858 2.8363071 1.3733858 1 P 0
L 2.7496929 1.5466141 2.8363071 1.5466141 1 P 0
L 2.7566929 1.7133858 2.7566929 1.8866141 1 P 0
L 2.7566929 1.7133858 2.8433071 1.7133858 1 P 0
L 2.7566929 1.8866141 2.8433071 1.8866141 1 P 0
L 2.7606103 2.34 2.7999804 2.34 0 P 0
L 2.7733149 1.46 2.812685 1.46 0 P 0
L 2.7802954 2.3203149 2.7802954 2.359685 0 P 0
L 2.7803149 1.8 2.819685 1.8 0 P 0
L 2.7826771 3.0119684 2.7826771 3.1537007 1 P 0
L 2.793 1.4403149 2.793 1.479685 0 P 0
L 2.8 1.7803149 2.8 1.819685 0 P 0
L 2.8347662 6.7027559 2.8347662 6.8291339 1 P 0
L 2.8347662 6.7027559 2.9371284 6.7027559 1 P 0
L 2.8347662 6.8291339 2.9371284 6.8291339 1 P 0
L 2.8363071 1.3733858 2.8363071 1.5466141 1 P 0
L 2.8433071 1.7133858 2.8433071 1.8866141 1 P 0
L 2.8662623 6.7659449 2.9056324 6.7659449 0 P 0
L 2.8859473 6.7462598 2.8859473 6.7856299 0 P 0
L 2.9013308 2.0919291 2.9013308 2.5700787 0 P 0
L 2.9371284 6.7027559 2.9371284 6.8291339 1 P 0
L 2.9456497 2.1864567 2.9456497 2.4935433 1 P 0
L 2.968764 2.0919291 2.968764 2.5700787 0 P 0
L 2.968764 2.0919291 3.3821498 2.0919291 0 P 0
L 2.968764 2.5700787 3.3821498 2.5700787 0 P 0
L 3.003163 3.3045475 3.003163 3.4462798 1 P 0
L 3.003163 3.3045475 3.1685173 3.3045475 1 P 0
L 3.003163 3.4462798 3.1685173 3.4462798 1 P 0
L 3.0069529 2.7564567 3.0069529 3.0635433 1 P 0
L 3.0069529 2.7564567 3.3376616 2.7564567 1 P 0
L 3.0069529 3.0635433 3.3376616 3.0635433 1 P 0
L 3.0139898 4.077098 3.0139898 4.2936334 1 P 0
L 3.0139898 4.077098 3.3053284 4.077098 1 P 0
L 3.0139898 4.2936334 3.3053284 4.2936334 1 P 0
L 3.0661551 3.3754136 3.1055252 3.3754136 0 P 0
L 3.0858401 3.3557286 3.0858401 3.3950987 0 P 0
L 3.1399741 4.1853657 3.1793442 4.1853657 0 P 0
L 3.1526222 2.91 3.1919923 2.91 0 P 0
L 3.1557719 2.4224409 3.1951419 2.4224409 0 P 0
L 3.1596591 4.1656807 3.1596591 4.2050507 0 P 0
L 3.1685173 3.3045475 3.1685173 3.4462798 1 P 0
L 3.1723072 2.8903149 3.1723072 2.929685 0 P 0
L 3.1754569 2.4027559 3.1754569 2.442126 0 P 0
L 3.1760419 2.6470431 3.1760419 2.7887754 1 P 0
L 3.1760419 2.6470431 3.3413962 2.6470431 1 P 0
L 3.1760419 2.7887754 3.3413962 2.7887754 1 P 0
L 3.239034 2.7179093 3.2784041 2.7179093 0 P 0
L 3.258719 2.6982242 3.258719 2.7375943 0 P 0
L 3.3053284 4.077098 3.3053284 4.2936334 1 P 0
L 3.3376616 2.7564567 3.3376616 3.0635433 1 P 0
L 3.3413962 2.6470431 3.3413962 2.7887754 1 P 0
L 3.3821498 2.0919291 3.3821498 2.5700787 0 P 0
L 3.4306143 2.0919291 3.4306143 2.5700787 0 P 0
L 3.4306143 2.0919291 3.8440001 2.0919291 0 P 0
L 3.4306143 2.5700787 3.8440001 2.5700787 0 P 0
L 3.4792151 5.6441339 3.4792151 5.7858662 1 P 0
L 3.4792151 5.6441339 3.6307899 5.6441339 1 P 0
L 3.4792151 5.7858662 3.6307899 5.7858662 1 P 0
L 3.5069529 2.7564567 3.5069529 3.0635433 1 P 0
L 3.5069529 2.7564567 3.8376616 2.7564567 1 P 0
L 3.5069529 3.0635433 3.8376616 3.0635433 1 P 0
L 3.5353175 5.715 3.5746875 5.715 0 P 0
L 3.5550025 5.695315 3.5550025 5.7346851 0 P 0
L 3.6176222 2.4224409 3.6569922 2.4224409 0 P 0
L 3.6307899 5.6441339 3.6307899 5.7858662 1 P 0
L 3.6373072 2.4027559 3.6373072 2.442126 0 P 0
L 3.6526222 2.91 3.6919923 2.91 0 P 0
L 3.6723072 2.8903149 3.6723072 2.929685 0 P 0
L 3.7476771 5.6048819 3.7476771 5.8883465 1 P 0
L 3.7476771 5.6048819 4.0823228 5.6048819 1 P 0
L 3.7476771 5.8883465 4.0823228 5.8883465 1 P 0
L 3.8376616 2.7564567 3.8376616 3.0635433 1 P 0
L 3.8440001 2.0919291 3.8440001 2.5700787 0 P 0
L 3.8953149 5.7466142 3.934685 5.7466142 0 P 0
L 3.9008977 2.0919291 3.9008977 2.5700787 0 P 0
L 3.9008977 2.0919291 4.3142835 2.0919291 0 P 0
L 3.9008977 2.5700787 4.3142835 2.5700787 0 P 0
L 3.915 5.7269291 3.915 5.7662992 0 P 0
L 3.9916929 5.8483859 3.9916929 6.0216142 1 P 0
L 3.9916929 5.8483859 4.0783071 5.8483859 1 P 0
L 3.9916929 6.0216142 4.0783071 6.0216142 1 P 0
L 4.0069529 2.7564567 4.0069529 3.0635433 1 P 0
L 4.0069529 2.7564567 4.3376616 2.7564567 1 P 0
L 4.0069529 3.0635433 4.3376616 3.0635433 1 P 0
L 4.0153149 5.935 4.054685 5.935 0 P 0
L 4.035 5.915315 4.035 5.9546851 0 P 0
L 4.0783071 5.8483859 4.0783071 6.0216142 1 P 0
L 4.0823228 5.6048819 4.0823228 5.8883465 1 P 0
L 4.0879056 2.4224409 4.1272756 2.4224409 0 P 0
L 4.1075906 2.4027559 4.1075906 2.442126 0 P 0
L 4.1526222 2.91 4.1919923 2.91 0 P 0
L 4.1723072 2.8903149 4.1723072 2.929685 0 P 0
L 4.2383858 5.9421653 4.2383858 6.0287795 1 P 0
L 4.2383858 5.9421653 4.4116141 5.9421653 1 P 0
L 4.2383858 6.0287795 4.4116141 6.0287795 1 P 0
L 4.240748 1.3633858 4.240748 1.5366141 1 P 0
L 4.240748 1.3633858 4.3273622 1.3633858 1 P 0
L 4.240748 1.5366141 4.3273622 1.5366141 1 P 0
L 4.2426378 1.7133858 4.2426378 1.8866141 1 P 0
L 4.2426378 1.7133858 4.329252 1.7133858 1 P 0
L 4.2426378 1.8866141 4.329252 1.8866141 1 P 0
L 4.26437 1.45 4.3037401 1.45 0 P 0
L 4.2662598 1.8 4.3056299 1.8 0 P 0
L 4.2840551 1.4303149 4.2840551 1.469685 0 P 0
L 4.2859449 1.7803149 4.2859449 1.819685 0 P 0
L 4.3053149 5.9854724 4.344685 5.9854724 0 P 0
L 4.3142835 2.0919291 4.3142835 2.5700787 0 P 0
L 4.325 5.9657874 4.325 6.0051575 0 P 0
L 4.3273622 1.3633858 4.3273622 1.5366141 1 P 0
L 4.329252 1.7133858 4.329252 1.8866141 1 P 0
L 4.3376616 2.7564567 4.3376616 3.0635433 1 P 0
L 4.3666929 1.7133858 4.3666929 1.8866141 1 P 0
L 4.3666929 1.7133858 4.4533071 1.7133858 1 P 0
L 4.3666929 1.8866141 4.4533071 1.8866141 1 P 0
L 4.370748 1.3633858 4.370748 1.5366141 1 P 0
L 4.370748 1.3633858 4.4573622 1.3633858 1 P 0
L 4.370748 1.5366141 4.4573622 1.5366141 1 P 0
L 4.3841261 2.0919291 4.3841261 2.5700787 0 P 0
L 4.3841261 2.0919291 4.7975119 2.0919291 0 P 0
L 4.3841261 2.5700787 4.7975119 2.5700787 0 P 0
L 4.3903149 1.8 4.429685 1.8 0 P 0
L 4.39437 1.45 4.4337401 1.45 0 P 0
L 4.41 1.7803149 4.41 1.819685 0 P 0
L 4.4116141 5.9421653 4.4116141 6.0287795 1 P 0
L 4.4140551 1.4303149 4.4140551 1.469685 0 P 0
L 4.4533071 1.7133858 4.4533071 1.8866141 1 P 0
L 4.4573622 1.3633858 4.4573622 1.5366141 1 P 0
L 4.4928336 6.6241339 4.4928336 6.7658662 1 P 0
L 4.4928336 6.6241339 4.658188 6.6241339 1 P 0
L 4.4928336 6.7658662 4.658188 6.7658662 1 P 0
L 4.4969529 2.7564567 4.4969529 3.0635433 1 P 0
L 4.4969529 2.7564567 4.8276616 2.7564567 1 P 0
L 4.4969529 3.0635433 4.8276616 3.0635433 1 P 0
L 4.5474546 5.4735827 4.5474546 5.7964173 1 P 0
L 4.5474546 5.4735827 4.9096593 5.4735827 1 P 0
L 4.5474546 5.7964173 4.9096593 5.7964173 1 P 0
L 4.5558258 6.695 4.5951958 6.695 0 P 0
L 4.5594918 6.4343699 4.5594918 6.5761022 1 P 0
L 4.5594918 6.4343699 4.7110666 6.4343699 1 P 0
L 4.5594918 6.5761022 4.7110666 6.5761022 1 P 0
L 4.571134 2.4224409 4.610504 2.4224409 0 P 0
L 4.5755108 6.675315 4.5755108 6.7146851 0 P 0
L 4.590819 2.4027559 4.590819 2.442126 0 P 0
L 4.6155942 6.505236 4.6549642 6.505236 0 P 0
L 4.6352792 6.485551 4.6352792 6.5249211 0 P 0
L 4.6426222 2.91 4.6819923 2.91 0 P 0
L 4.658188 6.6241339 4.658188 6.7658662 1 P 0
L 4.6623072 2.8903149 4.6623072 2.929685 0 P 0
L 4.7088719 5.635 4.748242 5.635 0 P 0
L 4.7110666 6.4343699 4.7110666 6.5761022 1 P 0
L 4.7285569 5.6153149 4.7285569 5.654685 0 P 0
L 4.789441 3.7456903 4.789441 4.076399 1 P 0
L 4.789441 3.7456903 5.0965276 3.7456903 1 P 0
L 4.789441 4.076399 5.0965276 4.076399 1 P 0
L 4.7975119 2.0919291 4.7975119 2.5700787 0 P 0
L 4.7982915 4.3460644 4.7982915 4.6767731 1 P 0
L 4.7982915 4.3460644 5.1053781 4.3460644 1 P 0
L 4.7982915 4.6767731 5.1053781 4.6767731 1 P 0
L 4.8276616 2.7564567 4.8276616 3.0635433 1 P 0
L 4.8661733 2.0919291 4.8661733 2.5700787 0 P 0
L 4.8661733 2.0919291 5.2795591 2.0919291 0 P 0
L 4.8661733 2.5700787 5.2795591 2.5700787 0 P 0
L 4.9096593 5.4735827 4.9096593 5.7964173 1 P 0
L 4.9232993 3.9110446 4.9626694 3.9110446 0 P 0
L 4.9321498 4.5114187 4.9715199 4.5114187 0 P 0
L 4.9366929 5.3383859 4.9366929 5.5116142 1 P 0
L 4.9366929 5.3383859 5.0233071 5.3383859 1 P 0
L 4.9366929 5.5116142 5.0233071 5.5116142 1 P 0
L 4.9429843 3.8913596 4.9429843 3.9307297 0 P 0
L 4.9518348 4.4917337 4.9518348 4.5311038 0 P 0
L 4.960315 5.425 4.9996851 5.425 0 P 0
L 4.98 5.405315 4.98 5.4446851 0 P 0
L 4.9869529 2.7564567 4.9869529 3.0635433 1 P 0
L 4.9869529 2.7564567 5.3176616 2.7564567 1 P 0
L 4.9869529 3.0635433 5.3176616 3.0635433 1 P 0
L 5.0233071 5.3383859 5.0233071 5.5116142 1 P 0
L 5.0531812 2.4224409 5.0925512 2.4224409 0 P 0
L 5.0533859 5.9421653 5.0533859 6.0287795 1 P 0
L 5.0533859 5.9421653 5.2266142 5.9421653 1 P 0
L 5.0533859 6.0287795 5.2266142 6.0287795 1 P 0
L 5.0728662 2.4027559 5.0728662 2.442126 0 P 0
L 5.0965276 3.7456903 5.0965276 4.076399 1 P 0
L 5.1053781 4.3460644 5.1053781 4.6767731 1 P 0
L 5.120315 5.9854724 5.1596851 5.9854724 0 P 0
L 5.1326222 2.91 5.1719923 2.91 0 P 0
L 5.14 5.9657873 5.14 6.0051574 0 P 0
L 5.1523072 2.8903149 5.1523072 2.929685 0 P 0
L 5.168756 3.7191155 5.168756 4.0262021 1 P 0
L 5.168756 3.7191155 5.3892284 3.7191155 1 P 0
L 5.168756 4.0262021 5.3892284 4.0262021 1 P 0
L 5.168756 4.3335827 5.168756 4.6406693 1 P 0
L 5.168756 4.3335827 5.3892284 4.3335827 1 P 0
L 5.168756 4.6406693 5.3892284 4.6406693 1 P 0
L 5.2073228 6.6241339 5.2073228 6.7658662 1 P 0
L 5.2073228 6.6241339 5.3726772 6.6241339 1 P 0
L 5.2073228 6.7658662 5.3726772 6.7658662 1 P 0
L 5.2266142 5.9421653 5.2266142 6.0287795 1 P 0
L 5.2593071 3.8726588 5.2986772 3.8726588 0 P 0
L 5.2593071 4.487126 5.2986772 4.487126 0 P 0
L 5.270315 6.695 5.309685 6.695 0 P 0
L 5.2789922 3.8529738 5.2789922 3.8923439 0 P 0
L 5.2789922 4.467441 5.2789922 4.5068111 0 P 0
L 5.2795591 2.0919291 5.2795591 2.5700787 0 P 0
L 5.29 6.675315 5.29 6.7146851 0 P 0
L 5.3176616 2.7564567 5.3176616 3.0635433 1 P 0
L 5.3323544 2.0919291 5.3323544 2.5700787 0 P 0
L 5.3323544 2.0919291 5.7457402 2.0919291 0 P 0
L 5.3323544 2.5700787 5.7457402 2.5700787 0 P 0
L 5.3726772 6.6241339 5.3726772 6.7658662 1 P 0
L 5.3892284 3.7191155 5.3892284 4.0262021 1 P 0
L 5.3892284 4.3335827 5.3892284 4.6406693 1 P 0
L 5.443622 6.603622 5.443622 6.806378 1 P 0
L 5.443622 6.603622 5.646378 6.603622 1 P 0
L 5.443622 6.806378 5.646378 6.806378 1 P 0
L 5.4726144 2.7564567 5.4726144 3.0635433 1 P 0
L 5.4726144 2.7564567 5.8033231 2.7564567 1 P 0
L 5.4726144 3.0635433 5.8033231 3.0635433 1 P 0
L 5.5193623 2.4224409 5.5587323 2.4224409 0 P 0
L 5.5390473 2.4027559 5.5390473 2.442126 0 P 0
L 5.5516929 5.1233859 5.5516929 5.2966142 1 P 0
L 5.5516929 5.1233859 5.6383071 5.1233859 1 P 0
L 5.5516929 5.2966142 5.6383071 5.2966142 1 P 0
L 5.5753149 5.21 5.614685 5.21 0 P 0
L 5.595 5.190315 5.595 5.2296851 0 P 0
L 5.6182837 2.91 5.6576538 2.91 0 P 0
L 5.6379687 2.8903149 5.6379687 2.929685 0 P 0
L 5.6383071 5.1233859 5.6383071 5.2966142 1 P 0
L 5.646378 6.603622 5.646378 6.806378 1 P 0
L 5.7302441 5.1196063 5.7302441 5.5703937 1 P 0
L 5.7302441 5.1196063 6.0156772 5.1196063 1 P 0
L 5.7302441 5.5703937 6.0156772 5.5703937 1 P 0
L 5.7452441 5.7110653 5.7452441 6.1618527 1 P 0
L 5.7452441 5.7110653 6.0306772 5.7110653 1 P 0
L 5.7452441 6.1618527 6.0306772 6.1618527 1 P 0
L 5.7457402 2.0919291 5.7457402 2.5700787 0 P 0
L 5.7683859 5.6066929 5.7683859 5.6933071 1 P 0
L 5.7683859 5.6066929 5.9416142 5.6066929 1 P 0
L 5.7683859 5.6933071 5.9416142 5.6933071 1 P 0
L 5.8033231 2.7564567 5.8033231 3.0635433 1 P 0
L 5.8133071 2.0919291 5.8133071 2.5700787 0 P 0
L 5.8133071 2.0919291 6.2266929 2.0919291 0 P 0
L 5.8133071 2.5700787 6.2266929 2.5700787 0 P 0
L 5.835315 5.65 5.8746851 5.65 0 P 0
L 5.8366929 1.7133858 5.8366929 1.8866141 1 P 0
L 5.8366929 1.7133858 5.9233071 1.7133858 1 P 0
L 5.8366929 1.8866141 5.9233071 1.8866141 1 P 0
L 5.8418319 1.3733858 5.8418319 1.5466141 1 P 0
L 5.8418319 1.3733858 5.9284461 1.3733858 1 P 0
L 5.8418319 1.5466141 5.9284461 1.5466141 1 P 0
L 5.8532756 5.345 5.8926457 5.345 0 P 0
L 5.855 5.630315 5.855 5.6696851 0 P 0
L 5.8603149 1.8 5.899685 1.8 0 P 0
L 5.8654539 1.46 5.904824 1.46 0 P 0
L 5.8682756 5.936459 5.9076457 5.936459 0 P 0
L 5.8729606 5.3253149 5.8729606 5.364685 0 P 0
L 5.88 1.7803149 5.88 1.819685 0 P 0
L 5.885139 1.4403149 5.885139 1.479685 0 P 0
L 5.8879606 5.9167739 5.8879606 5.956144 0 P 0
L 5.9004173 3.5994489 5.9004173 3.7805512 1 P 0
L 5.9004173 3.5994489 6.1464803 3.5994489 1 P 0
L 5.9004173 3.7805512 6.1464803 3.7805512 1 P 0
L 5.9004173 3.9395474 5.9004173 4.1206497 1 P 0
L 5.9004173 3.9395474 6.1464803 3.9395474 1 P 0
L 5.9004173 4.1206497 6.1464803 4.1206497 1 P 0
L 5.9004173 4.2657481 5.9004173 4.4468504 1 P 0
L 5.9004173 4.2657481 6.1464803 4.2657481 1 P 0
L 5.9004173 4.4468504 6.1464803 4.4468504 1 P 0
L 5.9004173 4.6119489 5.9004173 4.7930512 1 P 0
L 5.9004173 4.6119489 6.1464803 4.6119489 1 P 0
L 5.9004173 4.7930512 6.1464803 4.7930512 1 P 0
L 5.9233071 1.7133858 5.9233071 1.8866141 1 P 0
L 5.9284461 1.3733858 5.9284461 1.5466141 1 P 0
L 5.9416142 5.6066929 5.9416142 5.6933071 1 P 0
L 5.9552178 1.3733858 5.9552178 1.5466141 1 P 0
L 5.9552178 1.3733858 6.041832 1.3733858 1 P 0
L 5.9552178 1.5466141 6.041832 1.5466141 1 P 0
L 5.9613595 1.7133858 5.9613595 1.8866141 1 P 0
L 5.9613595 1.7133858 6.0479737 1.7133858 1 P 0
L 5.9613595 1.8866141 6.0479737 1.8866141 1 P 0
L 5.9788398 1.46 6.0182099 1.46 0 P 0
L 5.9849815 1.8 6.0243516 1.8 0 P 0
L 5.9985249 1.4403149 5.9985249 1.479685 0 P 0
L 6.000315 2.4224409 6.039685 2.4224409 0 P 0
L 6.0037638 3.69 6.0431339 3.69 0 P 0
L 6.0037638 4.0300985 6.0431339 4.0300985 0 P 0
L 6.0037638 4.3562992 6.0431339 4.3562992 0 P 0
L 6.0037638 4.7025 6.0431339 4.7025 0 P 0
L 6.0046666 1.7803149 6.0046666 1.819685 0 P 0
L 6.0156772 5.1196063 6.0156772 5.5703937 1 P 0
L 6.02 2.4027559 6.02 2.442126 0 P 0
L 6.0234488 3.670315 6.0234488 3.7096851 0 P 0
L 6.0234488 4.0104135 6.0234488 4.0497836 0 P 0
L 6.0234488 4.3366142 6.0234488 4.3759843 0 P 0
L 6.0234488 4.682815 6.0234488 4.7221851 0 P 0
L 6.0306772 5.7110653 6.0306772 6.1618527 1 P 0
L 6.041832 1.3733858 6.041832 1.5466141 1 P 0
L 6.0479737 1.7133858 6.0479737 1.8866141 1 P 0
L 6.0519291 5.3870473 6.0519291 5.6783859 1 P 0
L 6.0519291 5.3870473 6.4180709 5.3870473 1 P 0
L 6.0519291 5.6783859 6.4180709 5.6783859 1 P 0
L 6.0519291 5.7185696 6.0519291 6.0099082 1 P 0
L 6.0519291 5.7185696 6.4180709 5.7185696 1 P 0
L 6.0519291 6.0099082 6.4180709 6.0099082 1 P 0
L 6.0519291 6.0500919 6.0519291 6.3414305 1 P 0
L 6.0519291 6.0500919 6.4180709 6.0500919 1 P 0
L 6.0519291 6.3414305 6.4180709 6.3414305 1 P 0
L 6.0519291 6.3816142 6.0519291 6.6729528 1 P 0
L 6.0519291 6.3816142 6.4180709 6.3816142 1 P 0
L 6.0519291 6.6729528 6.4180709 6.6729528 1 P 0
L 6.0595669 6.7594488 6.0595669 6.8854331 0 P 0
L 6.0595669 6.7594488 6.1855512 6.7594488 0 P 0
L 6.0595669 6.8854331 6.1855512 6.8854331 0 P 0
L 6.102874 6.822441 6.1422441 6.822441 0 P 0
L 6.1225591 6.8027559 6.1225591 6.842126 0 P 0
L 6.1464803 3.5994489 6.1464803 3.7805512 1 P 0
L 6.1464803 3.9395474 6.1464803 4.1206497 1 P 0
L 6.1464803 4.2657481 6.1464803 4.4468504 1 P 0
L 6.1464803 4.6119489 6.1464803 4.7930512 1 P 0
L 6.1855512 6.7594488 6.1855512 6.8854331 0 P 0
L 6.215315 5.5327166 6.254685 5.5327166 0 P 0
L 6.215315 5.8642389 6.254685 5.8642389 0 P 0
L 6.215315 6.1957612 6.254685 6.1957612 0 P 0
L 6.215315 6.5272835 6.254685 6.5272835 0 P 0
L 6.2266929 2.0919291 6.2266929 2.5700787 0 P 0
L 6.235 5.5130315 6.235 5.5524016 0 P 0
L 6.235 5.8445538 6.235 5.8839239 0 P 0
L 6.235 6.1760761 6.235 6.2154462 0 P 0
L 6.235 6.5075984 6.235 6.5469685 0 P 0
L 6.2864883 2.0919291 6.2864883 2.5700787 0 P 0
L 6.2864883 2.0919291 6.6998741 2.0919291 0 P 0
L 6.2864883 2.5700787 6.6998741 2.5700787 0 P 0
L 6.2916929 6.7587796 6.2916929 6.9320079 1 P 0
L 6.2916929 6.7587796 6.3783071 6.7587796 1 P 0
L 6.2916929 6.9320079 6.3783071 6.9320079 1 P 0
L 6.315315 6.8453937 6.3546851 6.8453937 0 P 0
L 6.335 6.8257087 6.335 6.8650788 0 P 0
L 6.3783071 6.7587796 6.3783071 6.9320079 1 P 0
L 6.3796457 2.9114567 6.3796457 3.2185433 1 P 0
L 6.3796457 2.9114567 6.7103544 2.9114567 1 P 0
L 6.3796457 3.2185433 6.7103544 3.2185433 1 P 0
L 6.4000001 4.9583858 6.4000001 5.1316141 1 P 0
L 6.4000001 4.9583858 6.4866143 4.9583858 1 P 0
L 6.4000001 5.1316141 6.4866143 5.1316141 1 P 0
L 6.4180709 5.3870473 6.4180709 5.6783859 1 P 0
L 6.4180709 5.7185696 6.4180709 6.0099082 1 P 0
L 6.4180709 6.0500919 6.4180709 6.3414305 1 P 0
L 6.4180709 6.3816142 6.4180709 6.6729528 1 P 0
L 6.4236221 5.045 6.4629922 5.045 0 P 0
L 6.4433072 5.0253149 6.4433072 5.064685 0 P 0
L 6.4466929 6.7583859 6.4466929 6.9316142 1 P 0
L 6.4466929 6.7583859 6.5333071 6.7583859 1 P 0
L 6.4466929 6.9316142 6.5333071 6.9316142 1 P 0
L 6.4497402 2.1480473 6.4497402 2.4551339 1 P 0
L 6.4497402 2.1480473 6.6702126 2.1480473 1 P 0
L 6.4497402 2.4551339 6.6702126 2.4551339 1 P 0
L 6.4497402 2.4908426 6.4497402 2.7979292 1 P 0
L 6.4497402 2.4908426 6.6702126 2.4908426 1 P 0
L 6.4497402 2.7979292 6.6702126 2.7979292 1 P 0
L 6.470315 6.845 6.5096851 6.845 0 P 0
L 6.4734962 2.4224409 6.5128662 2.4224409 0 P 0
L 6.4866143 4.9583858 6.4866143 5.1316141 1 P 0
L 6.49 6.825315 6.49 6.8646851 0 P 0
L 6.4931812 2.4027559 6.4931812 2.442126 0 P 0
L 6.5033334 4.9583858 6.5033334 5.1316141 1 P 0
L 6.5033334 4.9583858 6.5899476 4.9583858 1 P 0
L 6.5033334 5.1316141 6.5899476 5.1316141 1 P 0
L 6.525315 3.065 6.5646851 3.065 0 P 0
L 6.5269554 5.045 6.5663255 5.045 0 P 0
L 6.5333071 6.7583859 6.5333071 6.9316142 1 P 0
L 6.5402914 2.3015906 6.5796615 2.3015906 0 P 0
L 6.5402914 2.6443859 6.5796615 2.6443859 0 P 0
L 6.545 3.045315 6.545 3.0846851 0 P 0
L 6.5466405 5.0253149 6.5466405 5.064685 0 P 0
L 6.5599764 2.2819056 6.5599764 2.3212757 0 P 0
L 6.5599764 2.6247009 6.5599764 2.664071 0 P 0
L 6.5899476 4.9583858 6.5899476 5.1316141 1 P 0
L 6.6066667 4.9583858 6.6066667 5.1316141 1 P 0
L 6.6066667 4.9583858 6.6932809 4.9583858 1 P 0
L 6.6066667 5.1316141 6.6932809 5.1316141 1 P 0
L 6.6302887 5.045 6.6696588 5.045 0 P 0
L 6.6499738 5.0253149 6.6499738 5.064685 0 P 0
L 6.6702126 2.1480473 6.6702126 2.4551339 1 P 0
L 6.6702126 2.4908426 6.6702126 2.7979292 1 P 0
L 6.6932809 4.9583858 6.6932809 5.1316141 1 P 0
L 6.6998741 2.0919291 6.6998741 2.5700787 0 P 0
L 6.71 4.9583858 6.71 5.1316141 1 P 0
L 6.71 4.9583858 6.7966142 4.9583858 1 P 0
L 6.71 5.1316141 6.7966142 5.1316141 1 P 0
L 6.7103544 2.9114567 6.7103544 3.2185433 1 P 0
L 6.733622 5.045 6.7729921 5.045 0 P 0
L 6.7533071 5.0253149 6.7533071 5.064685 0 P 0
L 6.7966142 4.9583858 6.7966142 5.1316141 1 P 0
L 7.3343307 5.5417323 7.3343307 5.7582677 1 P 0
L 7.3343307 5.5417323 7.6256693 5.5417323 1 P 0
L 7.3343307 5.7582677 7.6256693 5.7582677 1 P 0
L 7.3343307 5.7800655 7.3343307 5.9966009 1 P 0
L 7.3343307 5.7800655 7.6256693 5.7800655 1 P 0
L 7.3343307 5.9966009 7.6256693 5.9966009 1 P 0
L 7.3343307 6.0183989 7.3343307 6.2349343 1 P 0
L 7.3343307 6.0183989 7.6256693 6.0183989 1 P 0
L 7.3343307 6.2349343 7.6256693 6.2349343 1 P 0
L 7.3343307 6.2567321 7.3343307 6.4732675 1 P 0
L 7.3343307 6.2567321 7.6256693 6.2567321 1 P 0
L 7.3343307 6.4732675 7.6256693 6.4732675 1 P 0
L 7.4346929 1.3833858 7.4346929 1.5566141 1 P 0
L 7.4346929 1.3833858 7.5213071 1.3833858 1 P 0
L 7.4346929 1.5566141 7.5213071 1.5566141 1 P 0
L 7.4583149 1.47 7.497685 1.47 0 P 0
L 7.4603149 5.65 7.499685 5.65 0 P 0
L 7.4603149 5.8883332 7.499685 5.8883332 0 P 0
L 7.4603149 6.1266666 7.499685 6.1266666 0 P 0
L 7.4603149 6.3649998 7.499685 6.3649998 0 P 0
L 7.478 1.4503149 7.478 1.489685 0 P 0
L 7.48 5.630315 7.48 5.669685 0 P 0
L 7.48 5.8686482 7.48 5.9080182 0 P 0
L 7.48 6.1069816 7.48 6.1463516 0 P 0
L 7.48 6.3453148 7.48 6.3846848 0 P 0
L 7.5213071 1.3833858 7.5213071 1.5566141 1 P 0
L 7.5566929 1.3833858 7.5566929 1.5566141 1 P 0
L 7.5566929 1.3833858 7.6433071 1.3833858 1 P 0
L 7.5566929 1.5566141 7.6433071 1.5566141 1 P 0
L 7.5803149 1.47 7.619685 1.47 0 P 0
L 7.6 1.4503149 7.6 1.489685 0 P 0
L 7.6256693 5.5417323 7.6256693 5.7582677 1 P 0
L 7.6256693 5.7800655 7.6256693 5.9966009 1 P 0
L 7.6256693 6.0183989 7.6256693 6.2349343 1 P 0
L 7.6256693 6.2567321 7.6256693 6.4732675 1 P 0
L 7.6433071 1.3833858 7.6433071 1.5566141 1 P 0
