#Layer_Color=32768
#
#Feature symbol names
#
$0 r3.937
$1 r1.9685
$2 r6

#
#Feature attribute names
#

#
#Layer features
#
L 0.0629371 1.1070866 0.0629371 1.5852362 0 P 0
L 0.0629371 1.1070866 0.4763229 1.1070866 0 P 0
L 0.0629371 1.5852362 0.4763229 1.5852362 0 P 0
L 0.249945 1.4375984 0.289315 1.4375984 0 P 0
L 0.26963 1.4179134 0.26963 1.4572835 0 P 0
L 0.4763229 1.1070866 0.4763229 1.5852362 0 P 0
L 0.7079371 1.108622 0.7079371 1.5867716 0 P 0
L 0.7079371 1.108622 1.1213229 1.108622 0 P 0
L 0.7079371 1.5867716 1.1213229 1.5867716 0 P 0
L 0.894945 1.4391338 0.934315 1.4391338 0 P 0
L 0.91463 1.4194488 0.91463 1.4588189 0 P 0
L 1.1213229 1.108622 1.1213229 1.5867716 0 P 0
L 1.2010079 1.1070866 1.2010079 1.5852362 0 P 0
L 1.2010079 1.1070866 1.6143937 1.1070866 0 P 0
L 1.2010079 1.5852362 1.6143937 1.5852362 0 P 0
L 1.3880158 1.4375984 1.4273858 1.4375984 0 P 0
L 1.4077008 1.4179134 1.4077008 1.4572835 0 P 0
L 1.6143937 1.1070866 1.6143937 1.5852362 0 P 0
L 1.8460079 1.108622 1.8460079 1.5867716 0 P 0
L 1.8460079 1.108622 2.2593937 1.108622 0 P 0
L 1.8460079 1.5867716 2.2593937 1.5867716 0 P 0
L 13.5433071 0.6115433 13.5433071 0.9068189 0 P 0
L 13.5433071 0.6115433 13.9566929 0.6115433 0 P 0
L 13.5433071 0.9068189 13.9566929 0.9068189 0 P 0
L 13.730315 0.7591811 13.769685 0.7591811 0 P 0
L 13.75 0.739496 13.75 0.7788661 0 P 0
L 13.9566929 0.6115433 13.9566929 0.9068189 0 P 0
L 14.7027953 1.7933524 14.7027953 2.1594942 1 P 0
L 14.7027953 1.7933524 14.9941339 1.7933524 1 P 0
L 14.7027953 2.1594942 14.9941339 2.1594942 1 P 0
L 14.7067953 2.8957363 14.7067953 3.2618781 1 P 0
L 14.7067953 2.8957363 14.9981339 2.8957363 1 P 0
L 14.7067953 3.2618781 14.9981339 3.2618781 1 P 0
L 14.8287796 1.9764233 14.8681497 1.9764233 0 P 0
L 14.8327796 3.0788072 14.8721497 3.0788072 0 P 0
L 14.8484646 1.9567383 14.8484646 1.9961083 0 P 0
L 14.8524646 3.0591222 14.8524646 3.0984922 0 P 0
L 14.9941339 1.7933524 14.9941339 2.1594942 1 P 0
L 14.9981339 2.8957363 14.9981339 3.2618781 1 P 0
L 15.1138189 1.7938367 15.1138189 2.1599785 1 P 0
L 15.1138189 1.7938367 15.4051575 1.7938367 1 P 0
L 15.1138189 2.1599785 15.4051575 2.1599785 1 P 0
L 15.1178189 2.8962206 15.1178189 3.2623624 1 P 0
L 15.1178189 2.8962206 15.4091575 2.8962206 1 P 0
L 15.1178189 3.2623624 15.4091575 3.2623624 1 P 0
L 15.2398031 1.9769076 15.2791732 1.9769076 0 P 0
L 15.2438031 3.0792915 15.2831732 3.0792915 0 P 0
L 15.2594882 1.9572226 15.2594882 1.9965926 0 P 0
L 15.2634882 3.0596065 15.2634882 3.0989765 0 P 0
L 15.3345669 4.6945666 15.3345669 4.8205509 0 P 0
L 15.3345669 4.6945666 15.4605512 4.6945666 0 P 0
L 15.3345669 4.8205509 15.4605512 4.8205509 0 P 0
L 15.377874 4.7575587 15.4172441 4.7575587 0 P 0
L 15.3975591 4.7378737 15.3975591 4.7772438 0 P 0
L 15.4051575 1.7938367 15.4051575 2.1599785 1 P 0
L 15.4091575 2.8962206 15.4091575 3.2623624 1 P 0
L 15.4605512 4.6945666 15.4605512 4.8205509 0 P 0
L 15.7493307 1.7979923 15.7493307 2.1641341 1 P 0
L 15.7493307 1.7979923 16.0406693 1.7979923 1 P 0
L 15.7493307 2.1641341 16.0406693 2.1641341 1 P 0
L 15.7588976 2.9005272 15.7588976 3.266669 1 P 0
L 15.7588976 2.9005272 16.0502362 2.9005272 1 P 0
L 15.7588976 3.266669 16.0502362 3.266669 1 P 0
L 15.875315 1.9810632 15.9146851 1.9810632 0 P 0
L 15.8848819 3.0835981 15.924252 3.0835981 0 P 0
L 15.895 1.9613782 15.895 2.0007482 0 P 0
L 15.9045669 3.0639131 15.9045669 3.1032831 0 P 0
L 15.9755669 4.6905669 15.9755669 4.8165512 0 P 0
L 15.9755669 4.6905669 16.1015512 4.6905669 0 P 0
L 15.9755669 4.8165512 16.1015512 4.8165512 0 P 0
L 16.018874 4.753559 16.0582441 4.753559 0 P 0
L 16.0385591 4.733874 16.0385591 4.7732441 0 P 0
L 16.0406693 1.7979923 16.0406693 2.1641341 1 P 0
L 16.0502362 2.9005272 16.0502362 3.266669 1 P 0
L 16.1015512 4.6905669 16.1015512 4.8165512 0 P 0
L 16.1603543 1.7984766 16.1603543 2.1646184 1 P 0
L 16.1603543 1.7984766 16.4516929 1.7984766 1 P 0
L 16.1603543 2.1646184 16.4516929 2.1646184 1 P 0
L 16.1699212 2.9010115 16.1699212 3.2671533 1 P 0
L 16.1699212 2.9010115 16.4612598 2.9010115 1 P 0
L 16.1699212 3.2671533 16.4612598 3.2671533 1 P 0
L 16.2863385 1.9815475 16.3257086 1.9815475 0 P 0
L 16.2959054 3.0840824 16.3352755 3.0840824 0 P 0
L 16.3060236 1.9618625 16.3060236 2.0012325 0 P 0
L 16.3155905 3.0643974 16.3155905 3.1037674 0 P 0
L 16.4516929 1.7984766 16.4516929 2.1646184 1 P 0
L 16.4612598 2.9010115 16.4612598 3.2671533 1 P 0
L 2.0330158 1.4391338 2.0723858 1.4391338 0 P 0
L 2.0527008 1.4194488 2.0527008 1.4588189 0 P 0
L 2.2593937 1.108622 2.2593937 1.5867716 0 P 0
L 2.3436849 1.1070866 2.3436849 1.5852362 0 P 0
L 2.3436849 1.1070866 2.7570707 1.1070866 0 P 0
L 2.3436849 1.5852362 2.7570707 1.5852362 0 P 0
L 2.5306928 1.4375984 2.5700628 1.4375984 0 P 0
L 2.5503778 1.4179134 2.5503778 1.4572835 0 P 0
L 2.7570707 1.1070866 2.7570707 1.5852362 0 P 0
L 2.9886849 1.108622 2.9886849 1.5867716 0 P 0
L 2.9886849 1.108622 3.4020707 1.108622 0 P 0
L 2.9886849 1.5867716 3.4020707 1.5867716 0 P 0
L 3.1756928 1.4391338 3.2150628 1.4391338 0 P 0
L 3.1953778 1.4194488 3.1953778 1.4588189 0 P 0
L 3.2598475 3.9641739 3.2598475 4.2001739 2 P 0
L 3.2598475 3.9641739 3.3353475 3.9641739 2 P 0
L 3.2598475 4.2001739 3.2848475 4.2251739 2 P 0
L 3.2848475 4.2251739 3.3353475 4.2251739 2 P 0
L 3.3353475 3.9301739 3.3353475 3.9641739 2 P 0
L 3.3353475 3.9301739 3.4423475 3.9301739 2 P 0
L 3.3353475 4.2251739 3.3353475 4.2541739 2 P 0
L 3.3353475 4.2541739 3.4423475 4.2541739 2 P 0
L 3.4020707 1.108622 3.4020707 1.5867716 0 P 0
L 3.4423475 3.9301739 3.4423475 3.9631739 2 P 0
L 3.4423475 3.9631739 3.5188475 3.9631739 2 P 0
L 3.4423475 4.2261739 3.4423475 4.2541739 2 P 0
L 3.4423475 4.2261739 3.5188475 4.2261739 2 P 0
L 3.4852203 1.1070866 3.4852203 1.5852362 0 P 0
L 3.4852203 1.1070866 3.8986061 1.1070866 0 P 0
L 3.4852203 1.5852362 3.8986061 1.5852362 0 P 0
L 3.5188475 3.9631739 3.5188475 4.2261739 2 P 0
L 3.6722282 1.4375984 3.7115982 1.4375984 0 P 0
L 3.6919132 1.4179134 3.6919132 1.4572835 0 P 0
L 3.8273989 4.4924862 3.8273989 4.7877618 0 P 0
L 3.8273989 4.4924862 4.0439343 4.4924862 0 P 0
L 3.8273989 4.7877618 4.0439343 4.7877618 0 P 0
L 3.8986061 1.1070866 3.8986061 1.5852362 0 P 0
L 3.9159816 4.640124 3.9553516 4.640124 0 P 0
L 3.9356666 4.620439 3.9356666 4.6598091 0 P 0
L 4.0439343 4.4924862 4.0439343 4.7877618 0 P 0
L 4.1321495 1.108622 4.1321495 1.5867716 0 P 0
L 4.1321495 1.108622 4.5455353 1.108622 0 P 0
L 4.1321495 1.5867716 4.5455353 1.5867716 0 P 0
L 4.3191574 1.4391338 4.3585274 1.4391338 0 P 0
L 4.3388424 1.4194488 4.3388424 1.4588189 0 P 0
L 4.5455353 1.108622 4.5455353 1.5867716 0 P 0
L 4.6267557 1.1070866 4.6267557 1.5852362 0 P 0
L 4.6267557 1.1070866 5.0401415 1.1070866 0 P 0
L 4.6267557 1.5852362 5.0401415 1.5852362 0 P 0
L 4.8137636 1.4375984 4.8531336 1.4375984 0 P 0
L 4.8334486 1.4179134 4.8334486 1.4572835 0 P 0
L 5.0401415 1.1070866 5.0401415 1.5852362 0 P 0
L 5.2717557 1.108622 5.2717557 1.5867716 0 P 0
L 5.2717557 1.108622 5.6851415 1.108622 0 P 0
L 5.2717557 1.5867716 5.6851415 1.5867716 0 P 0
L 5.4587636 1.4391338 5.4981336 1.4391338 0 P 0
L 5.4784486 1.4194488 5.4784486 1.4588189 0 P 0
L 5.6851415 1.108622 5.6851415 1.5867716 0 P 0
L 5.7682911 1.1070866 5.7682911 1.5852362 0 P 0
L 5.7682911 1.1070866 6.1816769 1.1070866 0 P 0
L 5.7682911 1.5852362 6.1816769 1.5852362 0 P 0
L 5.955299 1.4375984 5.994669 1.4375984 0 P 0
L 5.974984 1.4179134 5.974984 1.4572835 0 P 0
L 6.1816769 1.1070866 6.1816769 1.5852362 0 P 0
L 6.4132911 1.108622 6.4132911 1.5867716 0 P 0
L 6.4132911 1.108622 6.8266769 1.108622 0 P 0
L 6.4132911 1.5867716 6.8266769 1.5867716 0 P 0
L 6.600299 1.4391338 6.639669 1.4391338 0 P 0
L 6.619984 1.4194488 6.619984 1.4588189 0 P 0
L 6.8266769 1.108622 6.8266769 1.5867716 0 P 0
L 7.5076378 1.1682284 7.5076378 1.3217717 0 P 0
L 7.5076378 1.1682284 7.6454331 1.1682284 0 P 0
L 7.5076378 1.3217717 7.6454331 1.3217717 0 P 0
L 7.5568504 1.245 7.5962205 1.245 0 P 0
L 7.5765354 1.225315 7.5765354 1.2646851 0 P 0
L 7.6454331 1.1682284 7.6454331 1.3217717 0 P 0
L 7.9032283 0.9011024 7.9032283 1.0388977 0 P 0
L 7.9032283 0.9011024 8.0567716 0.9011024 0 P 0
L 7.9032283 1.0388977 8.0567716 1.0388977 0 P 0
L 7.9082283 1.0911024 7.9082283 1.2288977 0 P 0
L 7.9082283 1.0911024 8.0617716 1.0911024 0 P 0
L 7.9082283 1.2288977 8.0617716 1.2288977 0 P 0
L 7.9603149 0.97 7.999685 0.97 0 P 0
L 7.9653149 1.16 8.004685 1.16 0 P 0
L 7.98 0.950315 7.98 0.9896851 0 P 0
L 7.985 1.140315 7.985 1.1796851 0 P 0
L 8.0567716 0.9011024 8.0567716 1.0388977 0 P 0
L 8.0617716 1.0911024 8.0617716 1.2288977 0 P 0
L 8.6824882 0.4435039 8.6824882 0.5812992 0 P 0
L 8.6824882 0.4435039 8.8360315 0.4435039 0 P 0
L 8.6824882 0.5812992 8.8360315 0.5812992 0 P 0
L 8.6824882 0.676919 8.6824882 0.8147143 0 P 0
L 8.6824882 0.676919 8.8360315 0.676919 0 P 0
L 8.6824882 0.8147143 8.8360315 0.8147143 0 P 0
L 8.6868508 0.9109054 8.6868508 1.0487007 0 P 0
L 8.6868508 0.9109054 8.8403941 0.9109054 0 P 0
L 8.6868508 1.0487007 8.8403941 1.0487007 0 P 0
L 8.7395748 0.5124016 8.7789449 0.5124016 0 P 0
L 8.7395748 0.7458167 8.7789449 0.7458167 0 P 0
L 8.7439374 0.9798031 8.7833075 0.9798031 0 P 0
L 8.7592598 0.4927165 8.7592598 0.5320866 0 P 0
L 8.7592598 0.7261316 8.7592598 0.7655017 0 P 0
L 8.7636224 0.960118 8.7636224 0.9994881 0 P 0
L 8.8360315 0.4435039 8.8360315 0.5812992 0 P 0
L 8.8360315 0.676919 8.8360315 0.8147143 0 P 0
L 8.8403941 0.9109054 8.8403941 1.0487007 0 P 0
L 9.0748425 0.6068898 9.0748425 0.7604331 0 P 0
L 9.0748425 0.6068898 9.2126378 0.6068898 0 P 0
L 9.0748425 0.7604331 9.2126378 0.7604331 0 P 0
L 9.1240551 0.6836614 9.1634252 0.6836614 0 P 0
L 9.1437401 0.6639764 9.1437401 0.7033465 0 P 0
L 9.2126378 0.6068898 9.2126378 0.7604331 0 P 0
L 9.2191339 3.6133856 9.2191339 3.7196849 0 P 0
L 9.2191339 3.6133856 9.3470867 3.6133856 0 P 0
L 9.2191339 3.7196849 9.3470867 3.7196849 0 P 0
L 9.2448425 0.6068898 9.2448425 0.7604331 0 P 0
L 9.2448425 0.6068898 9.3826378 0.6068898 0 P 0
L 9.2448425 0.7604331 9.3826378 0.7604331 0 P 0
L 9.2634253 3.6665352 9.3027954 3.6665352 0 P 0
L 9.2831103 3.6468502 9.2831103 3.6862203 0 P 0
L 9.2940551 0.6836614 9.3334252 0.6836614 0 P 0
L 9.3137401 0.6639764 9.3137401 0.7033465 0 P 0
L 9.3470867 3.6133856 9.3470867 3.7196849 0 P 0
L 9.3826378 0.6068898 9.3826378 0.7604331 0 P 0
