#Layer_Color=16711935
#
#Feature symbol names
#
$0 r3.937
$1 r6

#
#Feature attribute names
#

#
#Layer features
#
A 1.1732677 2.465748 1.1732677 2.465748 1.1535827 2.465748 0 P 0 N
A 1.4200591 2.3931496 1.4200591 2.3931496 1.4003741 2.3931496 0 P 0 N
A 1.6332677 2.465748 1.6332677 2.465748 1.6135827 2.465748 0 P 0 N
A 1.9200591 2.3931496 1.9200591 2.3931496 1.9003741 2.3931496 0 P 0 N
A 2.0832677 2.465748 2.0832677 2.465748 2.0635827 2.465748 0 P 0 N
A 2.1266929 3.783937 2.1266929 3.783937 2.1070079 3.783937 0 P 0 N
A 2.422445 2.3931496 2.422445 2.3931496 2.40276 2.3931496 0 P 0 N
A 2.5529056 2.465748 2.5529056 2.465748 2.5332206 2.465748 0 P 0 N
A 2.9115379 6.7757874 2.9115379 6.7757874 2.8957899 6.7757874 0 P 0 N
A 2.9200591 2.3931496 2.9200591 2.3931496 2.9003741 2.3931496 0 P 0 N
A 3.0337246 2.465748 3.0337246 2.465748 3.0140396 2.465748 0 P 0 N
A 3.0719135 2.9631496 3.0719135 2.9631496 3.0522285 2.9631496 0 P 0 N
A 3.2226512 4.2483578 3.2226512 4.2483578 3.2029662 4.2483578 0 P 0 N
A 3.4955749 2.465748 3.4955749 2.465748 3.4758899 2.465748 0 P 0 N
A 3.5719135 2.9631496 3.5719135 2.9631496 3.5522285 2.9631496 0 P 0 N
A 3.9658583 2.465748 3.9658583 2.465748 3.9461733 2.465748 0 P 0 N
A 4.0719135 2.9631496 4.0719135 2.9631496 4.0522285 2.9631496 0 P 0 N
A 4.4490867 2.465748 4.4490867 2.465748 4.4294017 2.465748 0 P 0 N
A 4.5619135 2.9631496 4.5619135 2.9631496 4.5422285 2.9631496 0 P 0 N
A 4.8722577 5.7393307 4.8722577 5.7393307 4.8525727 5.7393307 0 P 0 N
A 4.9095197 3.7909659 4.9095197 3.7909659 4.8898347 3.7909659 0 P 0 N
A 4.9183702 4.39134 4.9183702 4.39134 4.8986852 4.39134 0 P 0 N
A 4.9311339 2.465748 4.9311339 2.465748 4.9114489 2.465748 0 P 0 N
A 5.0519135 2.9631496 5.0519135 2.9631496 5.0322285 2.9631496 0 P 0 N
A 5.3636378 3.8195092 5.3636378 3.8195092 5.3439528 3.8195092 0 P 0 N
A 5.3636378 4.4339764 5.3636378 4.4339764 5.3439528 4.4339764 0 P 0 N
A 5.397315 2.465748 5.397315 2.465748 5.37763 2.465748 0 P 0 N
A 5.5213779 6.7483071 5.5213779 6.7483071 5.5016929 6.7483071 0 P 0 N
A 5.537575 2.9631496 5.537575 2.9631496 5.51789 2.9631496 0 P 0 N
A 5.8782677 2.465748 5.8782677 2.465748 5.8585827 2.465748 0 P 0 N
A 6.0175433 3.6447244 6.0175433 3.6447244 5.9978583 3.6447244 0 P 0 N
A 6.0175433 3.9848229 6.0175433 3.9848229 5.9978583 3.9848229 0 P 0 N
A 6.0175433 4.3110236 6.0175433 4.3110236 5.9978583 4.3110236 0 P 0 N
A 6.0175433 4.6572244 6.0175433 4.6572244 5.9978583 4.6572244 0 P 0 N
A 6.1188582 5.4894095 6.1188582 5.4894095 6.0991732 5.4894095 0 P 0 N
A 6.1188582 5.8209318 6.1188582 5.8209318 6.0991732 5.8209318 0 P 0 N
A 6.1188582 6.1524541 6.1188582 6.1524541 6.0991732 6.1524541 0 P 0 N
A 6.1188582 6.4839764 6.1188582 6.4839764 6.0991732 6.4839764 0 P 0 N
A 6.3514489 2.465748 6.3514489 2.465748 6.3317639 2.465748 0 P 0 N
A 6.4446063 3.0118504 6.4446063 3.0118504 6.4249213 3.0118504 0 P 0 N
A 6.5147008 2.248441 6.5147008 2.248441 6.4950158 2.248441 0 P 0 N
A 6.5147008 2.5912363 6.5147008 2.5912363 6.4950158 2.5912363 0 P 0 N
A 7.4563779 5.5870079 7.4563779 5.5870079 7.4366929 5.5870079 0 P 0 N
A 7.4563779 5.8253411 7.4563779 5.8253411 7.4366929 5.8253411 0 P 0 N
A 7.4563779 6.0636745 7.4563779 6.0636745 7.4366929 6.0636745 0 P 0 N
A 7.4563779 6.3020077 7.4563779 6.3020077 7.4366929 6.3020077 0 P 0 N
L 1.0634646 1.3903627 1.0634646 1.516347 0 P 0
L 1.0634646 1.3903627 1.1303937 1.3903627 0 P 0
L 1.0634646 1.516347 1.1303937 1.516347 0 P 0
L 1.1181496 2.1669291 1.1181496 2.5011811 0 P 0
L 1.1181496 2.1669291 1.5118504 2.1669291 0 P 0
L 1.1181496 2.5011811 1.5118504 2.5011811 0 P 0
L 1.1247836 2.2514173 1.1247836 2.4285827 0 P 0
L 1.1247836 2.2514173 1.4358072 2.2514173 0 P 0
L 1.1247836 2.4285827 1.4358072 2.4285827 0 P 0
L 1.1303937 1.3903627 1.1303937 1.516347 0 P 0
L 1.1379211 4.8865354 1.1379211 4.9534645 0 P 0
L 1.1379211 4.8865354 1.2639054 4.8865354 0 P 0
L 1.1379211 4.9534645 1.2639054 4.9534645 0 P 0
L 1.1868308 1.3903627 1.1868308 1.516347 0 P 0
L 1.1868308 1.3903627 1.2537599 1.3903627 0 P 0
L 1.1868308 1.516347 1.2537599 1.516347 0 P 0
L 1.2537599 1.3903627 1.2537599 1.516347 0 P 0
L 1.2639054 4.8865354 1.2639054 4.9534645 0 P 0
L 1.3355118 3.6365354 1.3355118 3.7034646 0 P 0
L 1.3355118 3.6365354 1.457559 3.6365354 0 P 0
L 1.3355118 3.7034646 1.457559 3.7034646 0 P 0
L 1.4358072 2.2514173 1.4358072 2.4285827 0 P 0
L 1.457559 3.6365354 1.457559 3.7034646 0 P 0
L 1.5118504 2.1669291 1.5118504 2.5011811 0 P 0
L 1.5781496 2.1669291 1.5781496 2.5011811 0 P 0
L 1.5781496 2.1669291 1.9718504 2.1669291 0 P 0
L 1.5781496 2.5011811 1.9718504 2.5011811 0 P 0
L 1.6247836 2.2514173 1.6247836 2.4285827 0 P 0
L 1.6247836 2.2514173 1.9358072 2.2514173 0 P 0
L 1.6247836 2.4285827 1.9358072 2.4285827 0 P 0
L 1.9358072 2.2514173 1.9358072 2.4285827 0 P 0
L 1.9718504 2.1669291 1.9718504 2.5011811 0 P 0
L 2.0281496 2.1669291 2.0281496 2.5011811 0 P 0
L 2.0281496 2.1669291 2.4218504 2.1669291 0 P 0
L 2.0281496 2.5011811 2.4218504 2.5011811 0 P 0
L 2.0283937 4.8815355 2.0283937 4.9484646 0 P 0
L 2.0283937 4.8815355 2.154378 4.8815355 0 P 0
L 2.0283937 4.9484646 2.154378 4.9484646 0 P 0
L 2.0715748 3.7485039 2.0715748 3.9059842 0 P 0
L 2.0715748 3.7485039 2.2684252 3.7485039 0 P 0
L 2.0715748 3.9059842 2.2684252 3.9059842 0 P 0
L 2.1271695 2.2514173 2.1271695 2.4285827 0 P 0
L 2.1271695 2.2514173 2.4381931 2.2514173 0 P 0
L 2.1271695 2.4285827 2.4381931 2.4285827 0 P 0
L 2.146063 3.5433071 2.146063 3.6574803 0 P 0
L 2.146063 3.5433071 2.2090551 3.5433071 0 P 0
L 2.146063 3.6574803 2.2090551 3.6574803 0 P 0
L 2.154378 4.8815355 2.154378 4.9484646 0 P 0
L 2.2090551 3.5433071 2.2090551 3.6574803 0 P 0
L 2.222874 3.8688697 2.222874 3.9357988 0 P 0
L 2.222874 3.8688697 2.3488583 3.8688697 0 P 0
L 2.222874 3.9357988 2.3488583 3.9357988 0 P 0
L 2.2684252 3.7485039 2.2684252 3.9059842 0 P 0
L 2.3370079 2.9159055 2.3370079 2.9828346 0 P 0
L 2.3370079 2.9159055 2.4629922 2.9159055 0 P 0
L 2.3370079 2.9828346 2.4629922 2.9828346 0 P 0
L 2.3488583 3.8688697 2.3488583 3.9357988 0 P 0
L 2.4218504 2.1669291 2.4218504 2.5011811 0 P 0
L 2.4381931 2.2514173 2.4381931 2.4285827 0 P 0
L 2.4629922 2.9159055 2.4629922 2.9828346 0 P 0
L 2.4820078 6.2465354 2.4820078 6.3134645 0 P 0
L 2.4820078 6.2465354 2.6079921 6.2465354 0 P 0
L 2.4820078 6.3134645 2.6079921 6.3134645 0 P 0
L 2.4820078 6.3465354 2.4820078 6.4134645 0 P 0
L 2.4820078 6.3465354 2.6079921 6.3465354 0 P 0
L 2.4820078 6.4134645 2.6079921 6.4134645 0 P 0
L 2.4977875 2.1669291 2.4977875 2.5011811 0 P 0
L 2.4977875 2.1669291 2.8914883 2.1669291 0 P 0
L 2.4977875 2.5011811 2.8914883 2.5011811 0 P 0
L 2.6036244 3.2995421 2.6036244 5.1026909 1 P 0
L 2.6036244 3.2995421 2.839842 3.2995421 1 P 0
L 2.6036244 5.1026909 2.839842 5.1026909 1 P 0
L 2.6079921 6.2465354 2.6079921 6.3134645 0 P 0
L 2.6079921 6.3465354 2.6079921 6.4134645 0 P 0
L 2.6247836 2.2514173 2.6247836 2.4285827 0 P 0
L 2.6247836 2.2514173 2.9358072 2.2514173 0 P 0
L 2.6247836 2.4285827 2.9358072 2.4285827 0 P 0
L 2.6465354 1.4011417 2.6465354 1.527126 0 P 0
L 2.6465354 1.4011417 2.7134645 1.4011417 0 P 0
L 2.6465354 1.527126 2.7134645 1.527126 0 P 0
L 2.6465354 1.7370078 2.6465354 1.8629921 0 P 0
L 2.6465354 1.7370078 2.7134645 1.7370078 0 P 0
L 2.6465354 1.8629921 2.7134645 1.8629921 0 P 0
L 2.6655511 3.0227952 2.6655511 3.1428739 0 P 0
L 2.6655511 3.0227952 2.7344488 3.0227952 0 P 0
L 2.6655511 3.1428739 2.7344488 3.1428739 0 P 0
L 2.7134645 1.4011417 2.7134645 1.527126 0 P 0
L 2.7134645 1.7370078 2.7134645 1.8629921 0 P 0
L 2.7344488 3.0227952 2.7344488 3.1428739 0 P 0
L 2.7595354 1.3970078 2.7595354 1.5229921 0 P 0
L 2.7595354 1.3970078 2.8264645 1.3970078 0 P 0
L 2.7595354 1.5229921 2.8264645 1.5229921 0 P 0
L 2.7665354 1.7370078 2.7665354 1.8629921 0 P 0
L 2.7665354 1.7370078 2.8334645 1.7370078 0 P 0
L 2.7665354 1.8629921 2.8334645 1.8629921 0 P 0
L 2.8264645 1.3970078 2.8264645 1.5229921 0 P 0
L 2.8334645 1.7370078 2.8334645 1.8629921 0 P 0
L 2.839842 3.2995421 2.839842 5.1026909 1 P 0
L 2.8446088 6.7246063 2.8446088 6.8072835 0 P 0
L 2.8446088 6.7246063 2.9272859 6.7246063 0 P 0
L 2.8446088 6.8072835 2.9272859 6.8072835 0 P 0
L 2.8914883 2.1669291 2.8914883 2.5011811 0 P 0
L 2.9272859 6.7246063 2.9272859 6.8072835 0 P 0
L 2.9358072 2.2514173 2.9358072 2.4285827 0 P 0
L 2.9786065 2.1669291 2.9786065 2.5011811 0 P 0
L 2.9786065 2.1669291 3.3723073 2.1669291 0 P 0
L 2.9786065 2.5011811 3.3723073 2.5011811 0 P 0
L 3.0167954 2.8214173 3.0167954 2.9985827 0 P 0
L 3.0167954 2.8214173 3.327819 2.8214173 0 P 0
L 3.0167954 2.9985827 3.327819 2.9985827 0 P 0
L 3.0513913 3.3153743 3.0513913 3.435453 0 P 0
L 3.0513913 3.3153743 3.120289 3.3153743 0 P 0
L 3.0513913 3.435453 3.120289 3.435453 0 P 0
L 3.080919 4.0869405 3.080919 4.2837909 0 P 0
L 3.080919 4.0869405 3.2383993 4.0869405 0 P 0
L 3.080919 4.2837909 3.2383993 4.2837909 0 P 0
L 3.120289 3.3153743 3.120289 3.435453 0 P 0
L 3.2242702 2.6578699 3.2242702 2.7779486 0 P 0
L 3.2242702 2.6578699 3.2931679 2.6578699 0 P 0
L 3.2242702 2.7779486 3.2931679 2.7779486 0 P 0
L 3.2383993 4.0869405 3.2383993 4.2837909 0 P 0
L 3.2931679 2.6578699 3.2931679 2.7779486 0 P 0
L 3.327819 2.8214173 3.327819 2.9985827 0 P 0
L 3.3723073 2.1669291 3.3723073 2.5011811 0 P 0
L 3.4101614 3.2085057 3.4101614 3.4447233 1 P 0
L 3.4101614 3.2085057 5.2133102 3.2085057 1 P 0
L 3.4101614 3.4447233 5.2133102 3.4447233 1 P 0
L 3.4101614 4.9585057 3.4101614 5.1947233 1 P 0
L 3.4101614 4.9585057 5.2133102 4.9585057 1 P 0
L 3.4101614 5.1947233 5.2133102 5.1947233 1 P 0
L 3.4404568 2.1669291 3.4404568 2.5011811 0 P 0
L 3.4404568 2.1669291 3.8341576 2.1669291 0 P 0
L 3.4404568 2.5011811 3.8341576 2.5011811 0 P 0
L 3.5167954 2.8214173 3.5167954 2.9985827 0 P 0
L 3.5167954 2.8214173 3.827819 2.8214173 0 P 0
L 3.5167954 2.9985827 3.827819 2.9985827 0 P 0
L 3.5274434 5.6539764 3.5274434 5.7760236 0 P 0
L 3.5274434 5.6539764 3.5825615 5.6539764 0 P 0
L 3.5274434 5.7760236 3.5825615 5.7760236 0 P 0
L 3.5825615 5.6539764 3.5825615 5.7760236 0 P 0
L 3.827819 2.8214173 3.827819 2.9985827 0 P 0
L 3.8341576 2.1669291 3.8341576 2.5011811 0 P 0
L 3.8421653 5.6147244 3.8421653 5.8785039 0 P 0
L 3.8421653 5.6147244 3.9878346 5.6147244 0 P 0
L 3.8421653 5.8785039 3.9878346 5.8785039 0 P 0
L 3.9107402 2.1669291 3.9107402 2.5011811 0 P 0
L 3.9107402 2.1669291 4.304441 2.1669291 0 P 0
L 3.9107402 2.5011811 4.304441 2.5011811 0 P 0
L 3.9878346 5.6147244 3.9878346 5.8785039 0 P 0
L 4.0015354 5.8720079 4.0015354 5.9979922 0 P 0
L 4.0015354 5.8720079 4.0684645 5.8720079 0 P 0
L 4.0015354 5.9979922 4.0684645 5.9979922 0 P 0
L 4.0167954 2.8214173 4.0167954 2.9985827 0 P 0
L 4.0167954 2.8214173 4.327819 2.8214173 0 P 0
L 4.0167954 2.9985827 4.327819 2.9985827 0 P 0
L 4.0684645 5.8720079 4.0684645 5.9979922 0 P 0
L 4.2505905 1.3870078 4.2505905 1.5129921 0 P 0
L 4.2505905 1.3870078 4.3175196 1.3870078 0 P 0
L 4.2505905 1.5129921 4.3175196 1.5129921 0 P 0
L 4.2524803 1.7370078 4.2524803 1.8629921 0 P 0
L 4.2524803 1.7370078 4.3194094 1.7370078 0 P 0
L 4.2524803 1.8629921 4.3194094 1.8629921 0 P 0
L 4.2620078 5.9520079 4.2620078 6.018937 0 P 0
L 4.2620078 5.9520079 4.3879921 5.9520079 0 P 0
L 4.2620078 6.018937 4.3879921 6.018937 0 P 0
L 4.304441 2.1669291 4.304441 2.5011811 0 P 0
L 4.3175196 1.3870078 4.3175196 1.5129921 0 P 0
L 4.3194094 1.7370078 4.3194094 1.8629921 0 P 0
L 4.327819 2.8214173 4.327819 2.9985827 0 P 0
L 4.3765354 1.7370078 4.3765354 1.8629921 0 P 0
L 4.3765354 1.7370078 4.4434645 1.7370078 0 P 0
L 4.3765354 1.8629921 4.4434645 1.8629921 0 P 0
L 4.3805905 1.3870078 4.3805905 1.5129921 0 P 0
L 4.3805905 1.3870078 4.4475196 1.3870078 0 P 0
L 4.3805905 1.5129921 4.4475196 1.5129921 0 P 0
L 4.3879921 5.9520079 4.3879921 6.018937 0 P 0
L 4.3939686 2.1669291 4.3939686 2.5011811 0 P 0
L 4.3939686 2.1669291 4.7876694 2.1669291 0 P 0
L 4.3939686 2.5011811 4.7876694 2.5011811 0 P 0
L 4.4434645 1.7370078 4.4434645 1.8629921 0 P 0
L 4.4475196 1.3870078 4.4475196 1.5129921 0 P 0
L 4.5067954 2.8214173 4.5067954 2.9985827 0 P 0
L 4.5067954 2.8214173 4.817819 2.8214173 0 P 0
L 4.5067954 2.9985827 4.817819 2.9985827 0 P 0
L 4.5420462 6.6339764 4.5420462 6.7560236 0 P 0
L 4.5420462 6.6339764 4.6089754 6.6339764 0 P 0
L 4.5420462 6.7560236 4.6089754 6.7560236 0 P 0
L 4.5691081 5.4952362 4.5691081 5.7747638 0 P 0
L 4.5691081 5.4952362 4.8880058 5.4952362 0 P 0
L 4.5691081 5.7747638 4.8880058 5.7747638 0 P 0
L 4.6077201 6.4442124 4.6077201 6.5662596 0 P 0
L 4.6077201 6.4442124 4.6628382 6.4442124 0 P 0
L 4.6077201 6.5662596 4.6628382 6.5662596 0 P 0
L 4.6089754 6.6339764 4.6089754 6.7560236 0 P 0
L 4.6628382 6.4442124 4.6628382 6.5662596 0 P 0
L 4.7876694 2.1669291 4.7876694 2.5011811 0 P 0
L 4.817819 2.8214173 4.817819 2.9985827 0 P 0
L 4.8544016 3.7555328 4.8544016 4.0665564 0 P 0
L 4.8544016 3.7555328 5.031567 3.7555328 0 P 0
L 4.8544016 4.0665564 5.031567 4.0665564 0 P 0
L 4.8632521 4.3559069 4.8632521 4.6669305 0 P 0
L 4.8632521 4.3559069 5.0404175 4.3559069 0 P 0
L 4.8632521 4.6669305 5.0404175 4.6669305 0 P 0
L 4.8760158 2.1669291 4.8760158 2.5011811 0 P 0
L 4.8760158 2.1669291 5.2697166 2.1669291 0 P 0
L 4.8760158 2.5011811 5.2697166 2.5011811 0 P 0
L 4.8880058 5.4952362 4.8880058 5.7747638 0 P 0
L 4.9465355 5.3620079 4.9465355 5.4879922 0 P 0
L 4.9465355 5.3620079 5.0134646 5.3620079 0 P 0
L 4.9465355 5.4879922 5.0134646 5.4879922 0 P 0
L 4.9967954 2.8214173 4.9967954 2.9985827 0 P 0
L 4.9967954 2.8214173 5.307819 2.8214173 0 P 0
L 4.9967954 2.9985827 5.307819 2.9985827 0 P 0
L 5.0134646 5.3620079 5.0134646 5.4879922 0 P 0
L 5.031567 3.7555328 5.031567 4.0665564 0 P 0
L 5.0404175 4.3559069 5.0404175 4.6669305 0 P 0
L 5.0770079 5.9520078 5.0770079 6.0189369 0 P 0
L 5.0770079 5.9520078 5.2029922 5.9520078 0 P 0
L 5.0770079 6.0189369 5.2029922 6.0189369 0 P 0
L 5.1785985 3.7840761 5.1785985 3.9612415 0 P 0
L 5.1785985 3.7840761 5.3793859 3.7840761 0 P 0
L 5.1785985 3.9612415 5.3793859 3.9612415 0 P 0
L 5.1785985 4.3985433 5.1785985 4.5757087 0 P 0
L 5.1785985 4.3985433 5.3793859 4.3985433 0 P 0
L 5.1785985 4.5757087 5.3793859 4.5757087 0 P 0
L 5.2029922 5.9520078 5.2029922 6.0189369 0 P 0
L 5.2133102 3.2085057 5.2133102 3.4447233 1 P 0
L 5.2133102 4.9585057 5.2133102 5.1947233 1 P 0
L 5.2565354 6.6339764 5.2565354 6.7560236 0 P 0
L 5.2565354 6.6339764 5.3234646 6.6339764 0 P 0
L 5.2565354 6.7560236 5.3234646 6.7560236 0 P 0
L 5.2697166 2.1669291 5.2697166 2.5011811 0 P 0
L 5.307819 2.8214173 5.307819 2.9985827 0 P 0
L 5.3234646 6.6339764 5.3234646 6.7560236 0 P 0
L 5.3421969 2.1669291 5.3421969 2.5011811 0 P 0
L 5.3421969 2.1669291 5.7358977 2.1669291 0 P 0
L 5.3421969 2.5011811 5.7358977 2.5011811 0 P 0
L 5.3793859 3.7840761 5.3793859 3.9612415 0 P 0
L 5.3793859 4.3985433 5.3793859 4.5757087 0 P 0
L 5.4662598 6.6262598 5.4662598 6.7837402 0 P 0
L 5.4662598 6.6262598 5.6237402 6.6262598 0 P 0
L 5.4662598 6.7837402 5.6237402 6.7837402 0 P 0
L 5.4824569 2.8214173 5.4824569 2.9985827 0 P 0
L 5.4824569 2.8214173 5.7934805 2.8214173 0 P 0
L 5.4824569 2.9985827 5.7934805 2.9985827 0 P 0
L 5.5615354 5.1470079 5.5615354 5.2729922 0 P 0
L 5.5615354 5.1470079 5.6284645 5.1470079 0 P 0
L 5.5615354 5.2729922 5.6284645 5.2729922 0 P 0
L 5.6237402 6.6262598 5.6237402 6.7837402 0 P 0
L 5.6284645 5.1470079 5.6284645 5.2729922 0 P 0
L 5.7358977 2.1669291 5.7358977 2.5011811 0 P 0
L 5.7400866 5.2603543 5.7400866 5.5052362 0 P 0
L 5.7400866 5.2603543 6.0058346 5.2603543 0 P 0
L 5.7400866 5.5052362 6.0058346 5.5052362 0 P 0
L 5.7550866 5.8518133 5.7550866 6.0966952 0 P 0
L 5.7550866 5.8518133 6.0208346 5.8518133 0 P 0
L 5.7550866 6.0966952 6.0208346 6.0966952 0 P 0
L 5.7920079 5.6165355 5.7920079 5.6834646 0 P 0
L 5.7920079 5.6165355 5.9179922 5.6165355 0 P 0
L 5.7920079 5.6834646 5.9179922 5.6834646 0 P 0
L 5.7934805 2.8214173 5.7934805 2.9985827 0 P 0
L 5.8231496 2.1669291 5.8231496 2.5011811 0 P 0
L 5.8231496 2.1669291 6.2168504 2.1669291 0 P 0
L 5.8231496 2.5011811 6.2168504 2.5011811 0 P 0
L 5.8465354 1.7370078 5.8465354 1.8629921 0 P 0
L 5.8465354 1.7370078 5.9134645 1.7370078 0 P 0
L 5.8465354 1.8629921 5.9134645 1.8629921 0 P 0
L 5.8516744 1.3970078 5.8516744 1.5229921 0 P 0
L 5.8516744 1.3970078 5.9186035 1.3970078 0 P 0
L 5.8516744 1.5229921 5.9186035 1.5229921 0 P 0
L 5.9134645 1.7370078 5.9134645 1.8629921 0 P 0
L 5.9179922 5.6165355 5.9179922 5.6834646 0 P 0
L 5.9186035 1.3970078 5.9186035 1.5229921 0 P 0
L 5.9624252 3.6092914 5.9624252 3.7707087 0 P 0
L 5.9624252 3.6092914 6.0844724 3.6092914 0 P 0
L 5.9624252 3.7707087 6.0844724 3.7707087 0 P 0
L 5.9624252 3.9493899 5.9624252 4.1108072 0 P 0
L 5.9624252 3.9493899 6.0844724 3.9493899 0 P 0
L 5.9624252 4.1108072 6.0844724 4.1108072 0 P 0
L 5.9624252 4.2755906 5.9624252 4.4370079 0 P 0
L 5.9624252 4.2755906 6.0844724 4.2755906 0 P 0
L 5.9624252 4.4370079 6.0844724 4.4370079 0 P 0
L 5.9624252 4.6217914 5.9624252 4.7832087 0 P 0
L 5.9624252 4.6217914 6.0844724 4.6217914 0 P 0
L 5.9624252 4.7832087 6.0844724 4.7832087 0 P 0
L 5.9650603 1.3970078 5.9650603 1.5229921 0 P 0
L 5.9650603 1.3970078 6.0319894 1.3970078 0 P 0
L 5.9650603 1.5229921 6.0319894 1.5229921 0 P 0
L 5.971202 1.7370078 5.971202 1.8629921 0 P 0
L 5.971202 1.7370078 6.0381311 1.7370078 0 P 0
L 5.971202 1.8629921 6.0381311 1.8629921 0 P 0
L 6.0058346 5.2603543 6.0058346 5.5052362 0 P 0
L 6.0208346 5.8518133 6.0208346 6.0966952 0 P 0
L 6.0319894 1.3970078 6.0319894 1.5229921 0 P 0
L 6.0381311 1.7370078 6.0381311 1.8629921 0 P 0
L 6.0637402 5.4539764 6.0637402 5.6114567 0 P 0
L 6.0637402 5.4539764 6.4062598 5.4539764 0 P 0
L 6.0637402 5.6114567 6.4062598 5.6114567 0 P 0
L 6.0637402 5.7854987 6.0637402 5.942979 0 P 0
L 6.0637402 5.7854987 6.4062598 5.7854987 0 P 0
L 6.0637402 5.942979 6.4062598 5.942979 0 P 0
L 6.0637402 6.117021 6.0637402 6.2745013 0 P 0
L 6.0637402 6.117021 6.4062598 6.117021 0 P 0
L 6.0637402 6.2745013 6.4062598 6.2745013 0 P 0
L 6.0637402 6.4485433 6.0637402 6.6060236 0 P 0
L 6.0637402 6.4485433 6.4062598 6.4485433 0 P 0
L 6.0637402 6.6060236 6.4062598 6.6060236 0 P 0
L 6.0844724 3.6092914 6.0844724 3.7707087 0 P 0
L 6.0844724 3.9493899 6.0844724 4.1108072 0 P 0
L 6.0844724 4.2755906 6.0844724 4.4370079 0 P 0
L 6.0844724 4.6217914 6.0844724 4.7832087 0 P 0
L 6.095 6.7633859 6.095 6.8814961 0 P 0
L 6.095 6.7633859 6.1501181 6.7633859 0 P 0
L 6.095 6.8814961 6.1501181 6.8814961 0 P 0
L 6.1501181 6.7633859 6.1501181 6.8814961 0 P 0
L 6.2168504 2.1669291 6.2168504 2.5011811 0 P 0
L 6.2963308 2.1669291 6.2963308 2.5011811 0 P 0
L 6.2963308 2.1669291 6.6900316 2.1669291 0 P 0
L 6.2963308 2.5011811 6.6900316 2.5011811 0 P 0
L 6.3015355 6.7824016 6.3015355 6.9083859 0 P 0
L 6.3015355 6.7824016 6.3684646 6.7824016 0 P 0
L 6.3015355 6.9083859 6.3684646 6.9083859 0 P 0
L 6.3684646 6.7824016 6.3684646 6.9083859 0 P 0
L 6.3894882 2.9764173 6.3894882 3.1535827 0 P 0
L 6.3894882 2.9764173 6.7005118 2.9764173 0 P 0
L 6.3894882 3.1535827 6.7005118 3.1535827 0 P 0
L 6.4062598 5.4539764 6.4062598 5.6114567 0 P 0
L 6.4062598 5.7854987 6.4062598 5.942979 0 P 0
L 6.4062598 6.117021 6.4062598 6.2745013 0 P 0
L 6.4062598 6.4485433 6.4062598 6.6060236 0 P 0
L 6.4098426 4.9820078 6.4098426 5.1079921 0 P 0
L 6.4098426 4.9820078 6.4767717 4.9820078 0 P 0
L 6.4098426 5.1079921 6.4767717 5.1079921 0 P 0
L 6.4565355 6.7820079 6.4565355 6.9079922 0 P 0
L 6.4565355 6.7820079 6.5234646 6.7820079 0 P 0
L 6.4565355 6.9079922 6.5234646 6.9079922 0 P 0
L 6.4595827 2.2130079 6.4595827 2.3901733 0 P 0
L 6.4595827 2.2130079 6.6603701 2.2130079 0 P 0
L 6.4595827 2.3901733 6.6603701 2.3901733 0 P 0
L 6.4595827 2.5558032 6.4595827 2.7329686 0 P 0
L 6.4595827 2.5558032 6.6603701 2.5558032 0 P 0
L 6.4595827 2.7329686 6.6603701 2.7329686 0 P 0
L 6.4767717 4.9820078 6.4767717 5.1079921 0 P 0
L 6.5131759 4.9820078 6.5131759 5.1079921 0 P 0
L 6.5131759 4.9820078 6.580105 4.9820078 0 P 0
L 6.5131759 5.1079921 6.580105 5.1079921 0 P 0
L 6.5234646 6.7820079 6.5234646 6.9079922 0 P 0
L 6.580105 4.9820078 6.580105 5.1079921 0 P 0
L 6.6165092 4.9820078 6.6165092 5.1079921 0 P 0
L 6.6165092 4.9820078 6.6834383 4.9820078 0 P 0
L 6.6165092 5.1079921 6.6834383 5.1079921 0 P 0
L 6.6603701 2.2130079 6.6603701 2.3901733 0 P 0
L 6.6603701 2.5558032 6.6603701 2.7329686 0 P 0
L 6.6834383 4.9820078 6.6834383 5.1079921 0 P 0
L 6.6900316 2.1669291 6.6900316 2.5011811 0 P 0
L 6.7005118 2.9764173 6.7005118 3.1535827 0 P 0
L 6.7198425 4.9820078 6.7198425 5.1079921 0 P 0
L 6.7198425 4.9820078 6.7867716 4.9820078 0 P 0
L 6.7198425 5.1079921 6.7867716 5.1079921 0 P 0
L 6.7867716 4.9820078 6.7867716 5.1079921 0 P 0
L 7.4012598 5.5515748 7.4012598 5.7484252 0 P 0
L 7.4012598 5.5515748 7.5587401 5.5515748 0 P 0
L 7.4012598 5.7484252 7.5587401 5.7484252 0 P 0
L 7.4012598 5.789908 7.4012598 5.9867584 0 P 0
L 7.4012598 5.789908 7.5587401 5.789908 0 P 0
L 7.4012598 5.9867584 7.5587401 5.9867584 0 P 0
L 7.4012598 6.0282414 7.4012598 6.2250918 0 P 0
L 7.4012598 6.0282414 7.5587401 6.0282414 0 P 0
L 7.4012598 6.2250918 7.5587401 6.2250918 0 P 0
L 7.4012598 6.2665746 7.4012598 6.463425 0 P 0
L 7.4012598 6.2665746 7.5587401 6.2665746 0 P 0
L 7.4012598 6.463425 7.5587401 6.463425 0 P 0
L 7.4445354 1.4070078 7.4445354 1.5329921 0 P 0
L 7.4445354 1.4070078 7.5114645 1.4070078 0 P 0
L 7.4445354 1.5329921 7.5114645 1.5329921 0 P 0
L 7.5114645 1.4070078 7.5114645 1.5329921 0 P 0
L 7.5587401 5.5515748 7.5587401 5.7484252 0 P 0
L 7.5587401 5.789908 7.5587401 5.9867584 0 P 0
L 7.5587401 6.0282414 7.5587401 6.2250918 0 P 0
L 7.5587401 6.2665746 7.5587401 6.463425 0 P 0
L 7.5665354 1.4070078 7.5665354 1.5329921 0 P 0
L 7.5665354 1.4070078 7.6334645 1.4070078 0 P 0
L 7.5665354 1.5329921 7.6334645 1.5329921 0 P 0
L 7.6334645 1.4070078 7.6334645 1.5329921 0 P 0
