#Layer_Color=16711935
#
#Feature symbol names
#
$0 r3.937
$1 r1
$2 r6
$3 r3

#
#Feature attribute names
#
@0 .nomenclature
@1 .string
@2 .string_angle

#
#Feature attribute text strings
#
&0 \*

#
#Layer features
#
A 0.1278977 1.4809055 0.1278977 1.4809055 0.1082127 1.4809055 0 P 0 N
A 0.7728977 1.4824409 0.7728977 1.4824409 0.7532127 1.4824409 0 P 0 N
A 1.2659685 1.4809055 1.2659685 1.4809055 1.2462835 1.4809055 0 P 0 N
A 1.9109685 1.4824409 1.9109685 1.4824409 1.8912835 1.4824409 0 P 0 N
A 13.6082677 0.715874 13.6082677 0.715874 13.5885827 0.715874 0 P 0 N
A 14.9114567 2.1122501 14.9114567 2.1122501 14.8917717 2.1122501 0 P 0 N
A 14.9154567 3.214634 14.9154567 3.214634 14.8957717 3.214634 0 P 0 N
A 15.2358661 1.8410808 15.2358661 1.8410808 15.2161811 1.8410808 0 P 0 N
A 15.2398661 2.9434647 15.2398661 2.9434647 15.2201811 2.9434647 0 P 0 N
A 15.9579921 2.11689 15.9579921 2.11689 15.9383071 2.11689 0 P 0 N
A 15.967559 3.2194249 15.967559 3.2194249 15.947874 3.2194249 0 P 0 N
A 16.2824015 1.8457207 16.2824015 1.8457207 16.2627165 1.8457207 0 P 0 N
A 16.2919684 2.9482556 16.2919684 2.9482556 16.2722834 2.9482556 0 P 0 N
A 2.4086455 1.4809055 2.4086455 1.4809055 2.3889605 1.4809055 0 P 0 N
A 3.0536455 1.4824409 3.0536455 1.4824409 3.0339605 1.4824409 0 P 0 N
A 3.5501809 1.4809055 3.5501809 1.4809055 3.5304959 1.4809055 0 P 0 N
A 4.0183437 4.6834311 4.0183437 4.6834311 3.9986587 4.6834311 0 P 0 N
A 4.1971101 1.4824409 4.1971101 1.4824409 4.1774251 1.4824409 0 P 0 N
A 4.6917163 1.4809055 4.6917163 1.4809055 4.6720313 1.4809055 0 P 0 N
A 5.3367163 1.4824409 5.3367163 1.4824409 5.3170313 1.4824409 0 P 0 N
A 5.8332517 1.4809055 5.8332517 1.4809055 5.8135667 1.4809055 0 P 0 N
A 6.4782517 1.4824409 6.4782517 1.4824409 6.4585667 1.4824409 0 P 0 N
L 0.0727796 1.1820866 0.0727796 1.5163386 0 P 0
L 0.0727796 1.1820866 0.4664804 1.1820866 0 P 0
L 0.0727796 1.5163386 0.4664804 1.5163386 0 P 0
L 0.4664804 1.1820866 0.4664804 1.5163386 0 P 0
L 0.7177796 1.183622 0.7177796 1.517874 0 P 0
L 0.7177796 1.183622 1.1114804 1.183622 0 P 0
L 0.7177796 1.517874 1.1114804 1.517874 0 P 0
L 1.1114804 1.183622 1.1114804 1.517874 0 P 0
L 1.2108504 1.1820866 1.2108504 1.5163386 0 P 0
L 1.2108504 1.1820866 1.6045512 1.1820866 0 P 0
L 1.2108504 1.5163386 1.6045512 1.5163386 0 P 0
L 1.6045512 1.1820866 1.6045512 1.5163386 0 P 0
L 1.8558504 1.183622 1.8558504 1.517874 0 P 0
L 1.8558504 1.183622 2.2495512 1.183622 0 P 0
L 1.8558504 1.517874 2.2495512 1.517874 0 P 0
L 13.5531496 0.6804409 13.5531496 0.8379212 0 P 0
L 13.5531496 0.6804409 13.9468504 0.6804409 0 P 0
L 13.5531496 0.8379212 13.9468504 0.8379212 0 P 0
L 13.9468504 0.6804409 13.9468504 0.8379212 0 P 0
L 14.7697245 1.8051635 14.7697245 2.1476831 0 P 0
L 14.7697245 1.8051635 14.9272048 1.8051635 0 P 0
L 14.7697245 2.1476831 14.9272048 2.1476831 0 P 0
L 14.7737245 2.9075474 14.7737245 3.250067 0 P 0
L 14.7737245 2.9075474 14.9312048 2.9075474 0 P 0
L 14.7737245 3.250067 14.9312048 3.250067 0 P 0
L 14.805 4.2970354 14.805 4.6160354 1 P 0
L 14.805 4.2970354 15.085 4.2970354 1 P 0
L 14.805 4.3225826 14.805 4.3345826 1 P 0
L 14.805 4.3225826 14.805 4.3345826 1 P 0
L 14.805 4.3422677 14.805 4.3542677 1 P 0
L 14.805 4.3422677 14.805 4.3542677 1 P 0
L 14.805 4.3619527 14.805 4.3739527 1 P 0
L 14.805 4.3619527 14.805 4.3739527 1 P 0
L 14.805 4.3816378 14.805 4.3936378 1 P 0
L 14.805 4.3816378 14.805 4.3936378 1 P 0
L 14.805 4.4013228 14.805 4.4133228 1 P 0
L 14.805 4.4013228 14.805 4.4133228 1 P 0
L 14.805 4.4210078 14.805 4.4330078 1 P 0
L 14.805 4.4210078 14.805 4.4330078 1 P 0
L 14.805 4.4406929 14.805 4.4526929 1 P 0
L 14.805 4.4406929 14.805 4.4526929 1 P 0
L 14.805 4.4603779 14.805 4.4723779 1 P 0
L 14.805 4.4603779 14.805 4.4723779 1 P 0
L 14.805 4.480063 14.805 4.492063 1 P 0
L 14.805 4.480063 14.805 4.492063 1 P 0
L 14.805 4.499748 14.805 4.511748 1 P 0
L 14.805 4.499748 14.805 4.511748 1 P 0
L 14.805 4.519433 14.805 4.531433 1 P 0
L 14.805 4.519433 14.805 4.531433 1 P 0
L 14.805 4.5391181 14.805 4.5511181 1 P 0
L 14.805 4.5391181 14.805 4.5511181 1 P 0
L 14.805 4.5588031 14.805 4.5708031 1 P 0
L 14.805 4.5588031 14.805 4.5708031 1 P 0
L 14.805 4.5784882 14.805 4.5904882 1 P 0
L 14.805 4.5784882 14.805 4.5904882 1 P 0
L 14.805 4.6160354 15.085 4.6160354 1 P 0
L 14.8307323 4.2970354 14.8427323 4.2970354 1 P 0
L 14.8307323 4.2970354 14.8427323 4.2970354 1 P 0
L 14.8307323 4.6160354 14.8427323 4.6160354 1 P 0
L 14.8307323 4.6160354 14.8427323 4.6160354 1 P 0
L 14.8504173 4.2970354 14.8624173 4.2970354 1 P 0
L 14.8504173 4.2970354 14.8624173 4.2970354 1 P 0
L 14.8504173 4.6160354 14.8624173 4.6160354 1 P 0
L 14.8504173 4.6160354 14.8624173 4.6160354 1 P 0
L 14.8701024 4.2970354 14.8821024 4.2970354 1 P 0
L 14.8701024 4.2970354 14.8821024 4.2970354 1 P 0
L 14.8701024 4.6160354 14.8821024 4.6160354 1 P 0
L 14.8701024 4.6160354 14.8821024 4.6160354 1 P 0
L 14.8897874 4.2970354 14.9017874 4.2970354 1 P 0
L 14.8897874 4.2970354 14.9017874 4.2970354 1 P 0
L 14.8897874 4.6160354 14.9017874 4.6160354 1 P 0
L 14.8897874 4.6160354 14.9017874 4.6160354 1 P 0
L 14.9094724 4.2970354 14.9214724 4.2970354 1 P 0
L 14.9094724 4.2970354 14.9214724 4.2970354 1 P 0
L 14.9094724 4.6160354 14.9214724 4.6160354 1 P 0
L 14.9094724 4.6160354 14.9214724 4.6160354 1 P 0
L 14.9272048 1.8051635 14.9272048 2.1476831 0 P 0
L 14.9291575 4.2970354 14.9411575 4.2970354 1 P 0
L 14.9291575 4.2970354 14.9411575 4.2970354 1 P 0
L 14.9291575 4.6160354 14.9411575 4.6160354 1 P 0
L 14.9291575 4.6160354 14.9411575 4.6160354 1 P 0
L 14.9312048 2.9075474 14.9312048 3.250067 0 P 0
L 14.9488425 4.2970354 14.9608425 4.2970354 1 P 0
L 14.9488425 4.2970354 14.9608425 4.2970354 1 P 0
L 14.9488425 4.6160354 14.9608425 4.6160354 1 P 0
L 14.9488425 4.6160354 14.9608425 4.6160354 1 P 0
L 14.9685276 4.2970354 14.9805276 4.2970354 1 P 0
L 14.9685276 4.2970354 14.9805276 4.2970354 1 P 0
L 14.9685276 4.6160354 14.9805276 4.6160354 1 P 0
L 14.9685276 4.6160354 14.9805276 4.6160354 1 P 0
L 14.9882126 4.2970354 15.0002126 4.2970354 1 P 0
L 14.9882126 4.2970354 15.0002126 4.2970354 1 P 0
L 14.9882126 4.6160354 15.0002126 4.6160354 1 P 0
L 14.9882126 4.6160354 15.0002126 4.6160354 1 P 0
L 15.0078976 4.2970354 15.0198976 4.2970354 1 P 0
L 15.0078976 4.2970354 15.0198976 4.2970354 1 P 0
L 15.0078976 4.6160354 15.0198976 4.6160354 1 P 0
L 15.0078976 4.6160354 15.0198976 4.6160354 1 P 0
L 15.0275827 4.2970354 15.0395827 4.2970354 1 P 0
L 15.0275827 4.2970354 15.0395827 4.2970354 1 P 0
L 15.0275827 4.6160354 15.0395827 4.6160354 1 P 0
L 15.0275827 4.6160354 15.0395827 4.6160354 1 P 0
L 15.035 4.2970354 15.085 4.3470354 1 P 0
L 15.0472677 4.2970354 15.0592677 4.2970354 1 P 0
L 15.0472677 4.2970354 15.0592677 4.2970354 1 P 0
L 15.0472677 4.6160354 15.0592677 4.6160354 1 P 0
L 15.0472677 4.6160354 15.0592677 4.6160354 1 P 0
L 15.0483387 4.3104095 15.0483387 4.2770869 3 P 0 ;0,1=0,2=180.000000
L 15.065 4.2770869 15.0316774 4.3104095 3 P 0 ;0,1=0,2=180.000000
L 15.065 4.2937482 15.0316774 4.2937482 3 P 0 ;0,1=0,2=180.000000
L 15.065 4.3104095 15.0316774 4.2770869 3 P 0 ;0,1=0,2=180.000000
L 15.085 4.2970354 15.085 4.6160354 1 P 0
L 15.085 4.3225826 15.085 4.3345826 1 P 0
L 15.085 4.3225826 15.085 4.3345826 1 P 0
L 15.085 4.3422677 15.085 4.3542677 1 P 0
L 15.085 4.3422677 15.085 4.3542677 1 P 0
L 15.085 4.3619527 15.085 4.3739527 1 P 0
L 15.085 4.3619527 15.085 4.3739527 1 P 0
L 15.085 4.3816378 15.085 4.3936378 1 P 0
L 15.085 4.3816378 15.085 4.3936378 1 P 0
L 15.085 4.4013228 15.085 4.4133228 1 P 0
L 15.085 4.4013228 15.085 4.4133228 1 P 0
L 15.085 4.4210078 15.085 4.4330078 1 P 0
L 15.085 4.4210078 15.085 4.4330078 1 P 0
L 15.085 4.4406929 15.085 4.4526929 1 P 0
L 15.085 4.4406929 15.085 4.4526929 1 P 0
L 15.085 4.4603779 15.085 4.4723779 1 P 0
L 15.085 4.4603779 15.085 4.4723779 1 P 0
L 15.085 4.480063 15.085 4.492063 1 P 0
L 15.085 4.480063 15.085 4.492063 1 P 0
L 15.085 4.499748 15.085 4.511748 1 P 0
L 15.085 4.499748 15.085 4.511748 1 P 0
L 15.085 4.519433 15.085 4.531433 1 P 0
L 15.085 4.519433 15.085 4.531433 1 P 0
L 15.085 4.5391181 15.085 4.5511181 1 P 0
L 15.085 4.5391181 15.085 4.5511181 1 P 0
L 15.085 4.5588031 15.085 4.5708031 1 P 0
L 15.085 4.5588031 15.085 4.5708031 1 P 0
L 15.085 4.5784882 15.085 4.5904882 1 P 0
L 15.085 4.5784882 15.085 4.5904882 1 P 0
L 15.180748 1.8056478 15.180748 2.1481674 0 P 0
L 15.180748 1.8056478 15.3382283 1.8056478 0 P 0
L 15.180748 2.1481674 15.3382283 2.1481674 0 P 0
L 15.184748 2.9080317 15.184748 3.2505513 0 P 0
L 15.184748 2.9080317 15.3422283 2.9080317 0 P 0
L 15.184748 3.2505513 15.3422283 3.2505513 0 P 0
L 15.3382283 1.8056478 15.3382283 2.1481674 0 P 0
L 15.3422283 2.9080317 15.3422283 3.2505513 0 P 0
L 15.37 4.6985036 15.37 4.8166138 0 P 0
L 15.37 4.6985036 15.4251181 4.6985036 0 P 0
L 15.37 4.8166138 15.4251181 4.8166138 0 P 0
L 15.4251181 4.6985036 15.4251181 4.8166138 0 P 0
L 15.8162599 1.8098034 15.8162599 2.152323 0 P 0
L 15.8162599 1.8098034 15.9737402 1.8098034 0 P 0
L 15.8162599 2.152323 15.9737402 2.152323 0 P 0
L 15.8258268 2.9123383 15.8258268 3.2548579 0 P 0
L 15.8258268 2.9123383 15.9833071 2.9123383 0 P 0
L 15.8258268 3.2548579 15.9833071 3.2548579 0 P 0
L 15.9737402 1.8098034 15.9737402 2.152323 0 P 0
L 15.9833071 2.9123383 15.9833071 3.2548579 0 P 0
L 16.011 4.6945039 16.011 4.8126141 0 P 0
L 16.011 4.6945039 16.0661181 4.6945039 0 P 0
L 16.011 4.8126141 16.0661181 4.8126141 0 P 0
L 16.0661181 4.6945039 16.0661181 4.8126141 0 P 0
L 16.2272834 1.8102877 16.2272834 2.1528073 0 P 0
L 16.2272834 1.8102877 16.3847637 1.8102877 0 P 0
L 16.2272834 2.1528073 16.3847637 2.1528073 0 P 0
L 16.2368503 2.9128226 16.2368503 3.2553422 0 P 0
L 16.2368503 2.9128226 16.3943306 2.9128226 0 P 0
L 16.2368503 3.2553422 16.3943306 3.2553422 0 P 0
L 16.315 4.2970354 16.315 4.6160354 1 P 0
L 16.315 4.2970354 16.595 4.2970354 1 P 0
L 16.315 4.3225826 16.315 4.3345826 1 P 0
L 16.315 4.3225826 16.315 4.3345826 1 P 0
L 16.315 4.3422677 16.315 4.3542677 1 P 0
L 16.315 4.3422677 16.315 4.3542677 1 P 0
L 16.315 4.3619527 16.315 4.3739527 1 P 0
L 16.315 4.3619527 16.315 4.3739527 1 P 0
L 16.315 4.3816378 16.315 4.3936378 1 P 0
L 16.315 4.3816378 16.315 4.3936378 1 P 0
L 16.315 4.4013228 16.315 4.4133228 1 P 0
L 16.315 4.4013228 16.315 4.4133228 1 P 0
L 16.315 4.4210078 16.315 4.4330078 1 P 0
L 16.315 4.4210078 16.315 4.4330078 1 P 0
L 16.315 4.4406929 16.315 4.4526929 1 P 0
L 16.315 4.4406929 16.315 4.4526929 1 P 0
L 16.315 4.4603779 16.315 4.4723779 1 P 0
L 16.315 4.4603779 16.315 4.4723779 1 P 0
L 16.315 4.480063 16.315 4.492063 1 P 0
L 16.315 4.480063 16.315 4.492063 1 P 0
L 16.315 4.499748 16.315 4.511748 1 P 0
L 16.315 4.499748 16.315 4.511748 1 P 0
L 16.315 4.519433 16.315 4.531433 1 P 0
L 16.315 4.519433 16.315 4.531433 1 P 0
L 16.315 4.5391181 16.315 4.5511181 1 P 0
L 16.315 4.5391181 16.315 4.5511181 1 P 0
L 16.315 4.5588031 16.315 4.5708031 1 P 0
L 16.315 4.5588031 16.315 4.5708031 1 P 0
L 16.315 4.5784882 16.315 4.5904882 1 P 0
L 16.315 4.5784882 16.315 4.5904882 1 P 0
L 16.315 4.6160354 16.595 4.6160354 1 P 0
L 16.3407323 4.2970354 16.3527323 4.2970354 1 P 0
L 16.3407323 4.2970354 16.3527323 4.2970354 1 P 0
L 16.3407323 4.6160354 16.3527323 4.6160354 1 P 0
L 16.3407323 4.6160354 16.3527323 4.6160354 1 P 0
L 16.3604173 4.2970354 16.3724173 4.2970354 1 P 0
L 16.3604173 4.2970354 16.3724173 4.2970354 1 P 0
L 16.3604173 4.6160354 16.3724173 4.6160354 1 P 0
L 16.3604173 4.6160354 16.3724173 4.6160354 1 P 0
L 16.3801024 4.2970354 16.3921024 4.2970354 1 P 0
L 16.3801024 4.2970354 16.3921024 4.2970354 1 P 0
L 16.3801024 4.6160354 16.3921024 4.6160354 1 P 0
L 16.3801024 4.6160354 16.3921024 4.6160354 1 P 0
L 16.3847637 1.8102877 16.3847637 2.1528073 0 P 0
L 16.3943306 2.9128226 16.3943306 3.2553422 0 P 0
L 16.3997874 4.2970354 16.4117874 4.2970354 1 P 0
L 16.3997874 4.2970354 16.4117874 4.2970354 1 P 0
L 16.3997874 4.6160354 16.4117874 4.6160354 1 P 0
L 16.3997874 4.6160354 16.4117874 4.6160354 1 P 0
L 16.4194724 4.2970354 16.4314724 4.2970354 1 P 0
L 16.4194724 4.2970354 16.4314724 4.2970354 1 P 0
L 16.4194724 4.6160354 16.4314724 4.6160354 1 P 0
L 16.4194724 4.6160354 16.4314724 4.6160354 1 P 0
L 16.4391575 4.2970354 16.4511575 4.2970354 1 P 0
L 16.4391575 4.2970354 16.4511575 4.2970354 1 P 0
L 16.4391575 4.6160354 16.4511575 4.6160354 1 P 0
L 16.4391575 4.6160354 16.4511575 4.6160354 1 P 0
L 16.4588425 4.2970354 16.4708425 4.2970354 1 P 0
L 16.4588425 4.2970354 16.4708425 4.2970354 1 P 0
L 16.4588425 4.6160354 16.4708425 4.6160354 1 P 0
L 16.4588425 4.6160354 16.4708425 4.6160354 1 P 0
L 16.4785276 4.2970354 16.4905276 4.2970354 1 P 0
L 16.4785276 4.2970354 16.4905276 4.2970354 1 P 0
L 16.4785276 4.6160354 16.4905276 4.6160354 1 P 0
L 16.4785276 4.6160354 16.4905276 4.6160354 1 P 0
L 16.4982126 4.2970354 16.5102126 4.2970354 1 P 0
L 16.4982126 4.2970354 16.5102126 4.2970354 1 P 0
L 16.4982126 4.6160354 16.5102126 4.6160354 1 P 0
L 16.4982126 4.6160354 16.5102126 4.6160354 1 P 0
L 16.5178976 4.2970354 16.5298976 4.2970354 1 P 0
L 16.5178976 4.2970354 16.5298976 4.2970354 1 P 0
L 16.5178976 4.6160354 16.5298976 4.6160354 1 P 0
L 16.5178976 4.6160354 16.5298976 4.6160354 1 P 0
L 16.5375827 4.2970354 16.5495827 4.2970354 1 P 0
L 16.5375827 4.2970354 16.5495827 4.2970354 1 P 0
L 16.5375827 4.6160354 16.5495827 4.6160354 1 P 0
L 16.5375827 4.6160354 16.5495827 4.6160354 1 P 0
L 16.545 4.2970354 16.595 4.3470354 1 P 0
L 16.5572677 4.2970354 16.5692677 4.2970354 1 P 0
L 16.5572677 4.2970354 16.5692677 4.2970354 1 P 0
L 16.5572677 4.6160354 16.5692677 4.6160354 1 P 0
L 16.5572677 4.6160354 16.5692677 4.6160354 1 P 0
L 16.5583387 4.3104095 16.5583387 4.2770869 3 P 0 ;0,1=0,2=180.000000
L 16.575 4.2770869 16.5416774 4.3104095 3 P 0 ;0,1=0,2=180.000000
L 16.575 4.2937482 16.5416774 4.2937482 3 P 0 ;0,1=0,2=180.000000
L 16.575 4.3104095 16.5416774 4.2770869 3 P 0 ;0,1=0,2=180.000000
L 16.595 4.2970354 16.595 4.6160354 1 P 0
L 16.595 4.3225826 16.595 4.3345826 1 P 0
L 16.595 4.3225826 16.595 4.3345826 1 P 0
L 16.595 4.3422677 16.595 4.3542677 1 P 0
L 16.595 4.3422677 16.595 4.3542677 1 P 0
L 16.595 4.3619527 16.595 4.3739527 1 P 0
L 16.595 4.3619527 16.595 4.3739527 1 P 0
L 16.595 4.3816378 16.595 4.3936378 1 P 0
L 16.595 4.3816378 16.595 4.3936378 1 P 0
L 16.595 4.4013228 16.595 4.4133228 1 P 0
L 16.595 4.4013228 16.595 4.4133228 1 P 0
L 16.595 4.4210078 16.595 4.4330078 1 P 0
L 16.595 4.4210078 16.595 4.4330078 1 P 0
L 16.595 4.4406929 16.595 4.4526929 1 P 0
L 16.595 4.4406929 16.595 4.4526929 1 P 0
L 16.595 4.4603779 16.595 4.4723779 1 P 0
L 16.595 4.4603779 16.595 4.4723779 1 P 0
L 16.595 4.480063 16.595 4.492063 1 P 0
L 16.595 4.480063 16.595 4.492063 1 P 0
L 16.595 4.499748 16.595 4.511748 1 P 0
L 16.595 4.499748 16.595 4.511748 1 P 0
L 16.595 4.519433 16.595 4.531433 1 P 0
L 16.595 4.519433 16.595 4.531433 1 P 0
L 16.595 4.5391181 16.595 4.5511181 1 P 0
L 16.595 4.5391181 16.595 4.5511181 1 P 0
L 16.595 4.5588031 16.595 4.5708031 1 P 0
L 16.595 4.5588031 16.595 4.5708031 1 P 0
L 16.595 4.5784882 16.595 4.5904882 1 P 0
L 16.595 4.5784882 16.595 4.5904882 1 P 0
L 2.2495512 1.183622 2.2495512 1.517874 0 P 0
L 2.3535274 1.1820866 2.3535274 1.5163386 0 P 0
L 2.3535274 1.1820866 2.7472282 1.1820866 0 P 0
L 2.3535274 1.5163386 2.7472282 1.5163386 0 P 0
L 2.7472282 1.1820866 2.7472282 1.5163386 0 P 0
L 2.9985274 1.183622 2.9985274 1.517874 0 P 0
L 2.9985274 1.183622 3.3922282 1.183622 0 P 0
L 2.9985274 1.517874 3.3922282 1.517874 0 P 0
L 3.3922282 1.183622 3.3922282 1.517874 0 P 0
L 3.4950628 1.1820866 3.4950628 1.5163386 0 P 0
L 3.4950628 1.1820866 3.8887636 1.1820866 0 P 0
L 3.4950628 1.5163386 3.8887636 1.5163386 0 P 0
L 3.8372414 4.5613839 3.8372414 4.7188642 0 P 0
L 3.8372414 4.5613839 4.0340918 4.5613839 0 P 0
L 3.8372414 4.7188642 4.0340918 4.7188642 0 P 0
L 3.8887636 1.1820866 3.8887636 1.5163386 0 P 0
L 4.0340918 4.5613839 4.0340918 4.7188642 0 P 0
L 4.141992 1.183622 4.141992 1.517874 0 P 0
L 4.141992 1.183622 4.5356928 1.183622 0 P 0
L 4.141992 1.517874 4.5356928 1.517874 0 P 0
L 4.5356928 1.183622 4.5356928 1.517874 0 P 0
L 4.6365982 1.1820866 4.6365982 1.5163386 0 P 0
L 4.6365982 1.1820866 5.030299 1.1820866 0 P 0
L 4.6365982 1.5163386 5.030299 1.5163386 0 P 0
L 5.030299 1.1820866 5.030299 1.5163386 0 P 0
L 5.2815982 1.183622 5.2815982 1.517874 0 P 0
L 5.2815982 1.183622 5.675299 1.183622 0 P 0
L 5.2815982 1.517874 5.675299 1.517874 0 P 0
L 5.675299 1.183622 5.675299 1.517874 0 P 0
L 5.7781336 1.1820866 5.7781336 1.5163386 0 P 0
L 5.7781336 1.1820866 6.1718344 1.1820866 0 P 0
L 5.7781336 1.5163386 6.1718344 1.5163386 0 P 0
L 6.1718344 1.1820866 6.1718344 1.5163386 0 P 0
L 6.4231336 1.183622 6.4231336 1.517874 0 P 0
L 6.4231336 1.183622 6.8168344 1.183622 0 P 0
L 6.4231336 1.517874 6.8168344 1.517874 0 P 0
L 6.7901979 2.8163138 6.7901979 4.6194626 2 P 0
L 6.7901979 2.8163138 7.0264155 2.8163138 2 P 0
L 6.7901979 4.6194626 7.0264155 4.6194626 2 P 0
L 6.8168344 1.183622 6.8168344 1.517874 0 P 0
L 7.0264155 2.8163138 7.0264155 4.6194626 2 P 0
L 7.5174803 1.217441 7.5174803 1.2725591 0 P 0
L 7.5174803 1.217441 7.6355905 1.217441 0 P 0
L 7.5174803 1.2725591 7.6355905 1.2725591 0 P 0
L 7.5967349 2.7252774 7.5967349 2.961495 2 P 0
L 7.5967349 2.7252774 9.3998837 2.7252774 2 P 0
L 7.5967349 2.961495 9.3998837 2.961495 2 P 0
L 7.5967349 4.4752774 7.5967349 4.711495 2 P 0
L 7.5967349 4.4752774 9.3998837 4.4752774 2 P 0
L 7.5967349 4.711495 9.3998837 4.711495 2 P 0
L 7.6355905 1.217441 7.6355905 1.2725591 0 P 0
L 7.9524409 0.9109449 7.9524409 1.0290551 0 P 0
L 7.9524409 0.9109449 8.007559 0.9109449 0 P 0
L 7.9524409 1.0290551 8.007559 1.0290551 0 P 0
L 7.9574409 1.1009449 7.9574409 1.2190551 0 P 0
L 7.9574409 1.1009449 8.012559 1.1009449 0 P 0
L 7.9574409 1.2190551 8.012559 1.2190551 0 P 0
L 8.007559 0.9109449 8.007559 1.0290551 0 P 0
L 8.012559 1.1009449 8.012559 1.2190551 0 P 0
L 8.7317008 0.4533465 8.7317008 0.5714567 0 P 0
L 8.7317008 0.4533465 8.7868189 0.4533465 0 P 0
L 8.7317008 0.5714567 8.7868189 0.5714567 0 P 0
L 8.7317008 0.6867616 8.7317008 0.8048718 0 P 0
L 8.7317008 0.6867616 8.7868189 0.6867616 0 P 0
L 8.7317008 0.8048718 8.7868189 0.8048718 0 P 0
L 8.7360634 0.920748 8.7360634 1.0388582 0 P 0
L 8.7360634 0.920748 8.7911815 0.920748 0 P 0
L 8.7360634 1.0388582 8.7911815 1.0388582 0 P 0
L 8.7868189 0.4533465 8.7868189 0.5714567 0 P 0
L 8.7868189 0.6867616 8.7868189 0.8048718 0 P 0
L 8.7911815 0.920748 8.7911815 1.0388582 0 P 0
L 9.084685 0.6561024 9.084685 0.7112205 0 P 0
L 9.084685 0.6561024 9.2027952 0.6561024 0 P 0
L 9.084685 0.7112205 9.2027952 0.7112205 0 P 0
L 9.2027952 0.6561024 9.2027952 0.7112205 0 P 0
L 9.254685 0.6561024 9.254685 0.7112205 0 P 0
L 9.254685 0.6561024 9.3727952 0.6561024 0 P 0
L 9.254685 0.7112205 9.3727952 0.7112205 0 P 0
L 9.2555513 3.6232282 9.2555513 3.7098423 0 P 0
L 9.2555513 3.6232282 9.3106694 3.6232282 0 P 0
L 9.2555513 3.7098423 9.3106694 3.7098423 0 P 0
L 9.3106694 3.6232282 9.3106694 3.7098423 0 P 0
L 9.3727952 0.6561024 9.3727952 0.7112205 0 P 0
L 9.3998837 2.7252774 9.3998837 2.961495 2 P 0
L 9.3998837 4.4752774 9.3998837 4.711495 2 P 0
