#Layer_Color=32768
#
#Feature symbol names
#
$0 r3.937
$1 r1.9685
$2 r6

#
#Feature attribute names
#

#
#Layer features
#
L 1.0536221 1.3667407 1.0536221 1.539969 1 P 0
L 1.0536221 1.3667407 1.1402363 1.3667407 1 P 0
L 1.0536221 1.539969 1.1402363 1.539969 1 P 0
L 1.0772441 1.4533549 1.1166142 1.4533549 0 P 0
L 1.0969292 1.4336698 1.0969292 1.4730399 0 P 0
L 1.1083071 2.0919291 1.1083071 2.5700787 0 P 0
L 1.1083071 2.0919291 1.5216929 2.0919291 0 P 0
L 1.1083071 2.5700787 1.5216929 2.5700787 0 P 0
L 1.1142991 4.8766929 1.1142991 4.9633071 1 P 0
L 1.1142991 4.8766929 1.2875274 4.8766929 1 P 0
L 1.1142991 4.9633071 1.2875274 4.9633071 1 P 0
L 1.114941 2.1864567 1.114941 2.4935433 1 P 0
L 1.114941 2.1864567 1.4456497 2.1864567 1 P 0
L 1.114941 2.4935433 1.4456497 2.4935433 1 P 0
L 1.1402363 1.3667407 1.1402363 1.539969 1 P 0
L 1.1769883 1.3667407 1.1769883 1.539969 1 P 0
L 1.1769883 1.3667407 1.2636025 1.3667407 1 P 0
L 1.1769883 1.539969 1.2636025 1.539969 1 P 0
L 1.1812282 4.92 1.2205983 4.92 0 P 0
L 1.2006103 1.4533549 1.2399804 1.4533549 0 P 0
L 1.2009133 4.9003149 1.2009133 4.939685 0 P 0
L 1.2202954 1.4336698 1.2202954 1.4730399 0 P 0
L 1.2606103 2.34 1.2999804 2.34 0 P 0
L 1.2636025 1.3667407 1.2636025 1.539969 1 P 0
L 1.2802954 2.3203149 1.2802954 2.359685 0 P 0
L 1.2875274 4.8766929 1.2875274 4.9633071 1 P 0
L 1.295315 2.4224409 1.334685 2.4224409 0 P 0
L 1.3033858 6.4066929 1.3033858 6.4933071 1 P 0
L 1.3033858 6.4066929 1.4766141 6.4066929 1 P 0
L 1.3033858 6.4933071 1.4766141 6.4933071 1 P 0
L 1.3033858 6.5066929 1.3033858 6.5933071 1 P 0
L 1.3033858 6.5066929 1.4766141 6.5066929 1 P 0
L 1.3033858 6.5933071 1.4766141 6.5933071 1 P 0
L 1.315 2.4027559 1.315 2.442126 0 P 0
L 1.3256692 3.5873228 1.3256692 3.7526772 1 P 0
L 1.3256692 3.5873228 1.4674015 3.5873228 1 P 0
L 1.3256692 3.7526772 1.4674015 3.7526772 1 P 0
L 1.3703149 6.45 1.409685 6.45 0 P 0
L 1.3703149 6.55 1.409685 6.55 0 P 0
L 1.3768503 3.67 1.4162204 3.67 0 P 0
L 1.39 6.4303149 1.39 6.469685 0 P 0
L 1.39 6.5303149 1.39 6.569685 0 P 0
L 1.3965354 3.650315 1.3965354 3.689685 0 P 0
L 1.4456497 2.1864567 1.4456497 2.4935433 1 P 0
L 1.4674015 3.5873228 1.4674015 3.7526772 1 P 0
L 1.4766141 6.4066929 1.4766141 6.4933071 1 P 0
L 1.4766141 6.5066929 1.4766141 6.5933071 1 P 0
L 1.5020866 3.0568504 1.5020866 3.1631497 1 P 0
L 1.5020866 3.0568504 1.6379134 3.0568504 1 P 0
L 1.5020866 3.1631497 1.6379134 3.1631497 1 P 0
L 1.5216929 2.0919291 1.5216929 2.5700787 0 P 0
L 1.5503149 3.11 1.589685 3.11 0 P 0
L 1.5683071 2.0919291 1.5683071 2.5700787 0 P 0
L 1.5683071 2.0919291 1.9816929 2.0919291 0 P 0
L 1.5683071 2.5700787 1.9816929 2.5700787 0 P 0
L 1.57 3.090315 1.57 3.1296851 0 P 0
L 1.614941 2.1864567 1.614941 2.4935433 1 P 0
L 1.614941 2.1864567 1.9456497 2.1864567 1 P 0
L 1.614941 2.4935433 1.9456497 2.4935433 1 P 0
L 1.6368503 3.5720866 1.6368503 3.7079134 1 P 0
L 1.6368503 3.5720866 1.7431496 3.5720866 1 P 0
L 1.6368503 3.7079134 1.7431496 3.7079134 1 P 0
L 1.6379134 3.0568504 1.6379134 3.1631497 1 P 0
L 1.6703149 3.64 1.709685 3.64 0 P 0
L 1.6718503 1.4330999 1.6718503 1.492155 1 P 0
L 1.6718503 1.4330999 1.7781496 1.4330999 1 P 0
L 1.6718503 1.492155 1.7781496 1.492155 1 P 0
L 1.6820866 3.0568504 1.6820866 3.1631497 1 P 0
L 1.6820866 3.0568504 1.8179134 3.0568504 1 P 0
L 1.6820866 3.1631497 1.8179134 3.1631497 1 P 0
L 1.69 3.6203149 1.69 3.659685 0 P 0
L 1.7004725 1.6668504 1.7004725 1.7731497 1 P 0
L 1.7004725 1.6668504 1.7595276 1.6668504 1 P 0
L 1.7004725 1.7731497 1.7595276 1.7731497 1 P 0
L 1.7053149 1.4626274 1.744685 1.4626274 0 P 0
L 1.710315 1.72 1.7496851 1.72 0 P 0
L 1.725 1.4429424 1.725 1.4823125 0 P 0
L 1.73 1.700315 1.73 1.7396851 0 P 0
L 1.7303149 3.11 1.769685 3.11 0 P 0
L 1.7431496 3.5720866 1.7431496 3.7079134 1 P 0
L 1.75 3.090315 1.75 3.1296851 0 P 0
L 1.7534725 1.8683267 1.7534725 1.974626 1 P 0
L 1.7534725 1.8683267 1.8125276 1.8683267 1 P 0
L 1.7534725 1.974626 1.8125276 1.974626 1 P 0
L 1.755315 2.4224409 1.794685 2.4224409 0 P 0
L 1.7595276 1.6668504 1.7595276 1.7731497 1 P 0
L 1.7606103 2.34 1.7999804 2.34 0 P 0
L 1.763315 1.9214763 1.8026851 1.9214763 0 P 0
L 1.775 2.4027559 1.775 2.442126 0 P 0
L 1.7781496 1.4330999 1.7781496 1.492155 1 P 0
L 1.7802954 2.3203149 1.7802954 2.359685 0 P 0
L 1.783 1.9017913 1.783 1.9411614 0 P 0
L 1.8125276 1.8683267 1.8125276 1.974626 1 P 0
L 1.8179134 3.0568504 1.8179134 3.1631497 1 P 0
L 1.8648503 1.0164174 1.8648503 1.0754725 1 P 0
L 1.8648503 1.0164174 1.9711496 1.0164174 1 P 0
L 1.8648503 1.0754725 1.9711496 1.0754725 1 P 0
L 1.8648503 1.0864174 1.8648503 1.1454725 1 P 0
L 1.8648503 1.0864174 1.9711496 1.0864174 1 P 0
L 1.8648503 1.1454725 1.9711496 1.1454725 1 P 0
L 1.8648503 1.1564174 1.8648503 1.2154725 1 P 0
L 1.8648503 1.1564174 1.9711496 1.1564174 1 P 0
L 1.8648503 1.2154725 1.9711496 1.2154725 1 P 0
L 1.8648503 1.2264174 1.8648503 1.2854725 1 P 0
L 1.8648503 1.2264174 1.9711496 1.2264174 1 P 0
L 1.8648503 1.2854725 1.9711496 1.2854725 1 P 0
L 1.8983149 1.0459449 1.937685 1.0459449 0 P 0
L 1.8983149 1.1159449 1.937685 1.1159449 0 P 0
L 1.8983149 1.1859449 1.937685 1.1859449 0 P 0
L 1.8983149 1.2559449 1.937685 1.2559449 0 P 0
L 1.918 1.0262599 1.918 1.06563 0 P 0
L 1.918 1.0962599 1.918 1.13563 0 P 0
L 1.918 1.1662599 1.918 1.20563 0 P 0
L 1.918 1.2362599 1.918 1.27563 0 P 0
L 1.9456497 2.1864567 1.9456497 2.4935433 1 P 0
L 1.947 4.0915 1.947 4.1985 2 P 0
L 1.947 4.0915 1.98 4.0915 2 P 0
L 1.947 4.1985 1.981 4.1985 2 P 0
L 1.9711496 1.0164174 1.9711496 1.0754725 1 P 0
L 1.9711496 1.0864174 1.9711496 1.1454725 1 P 0
L 1.9711496 1.1564174 1.9711496 1.2154725 1 P 0
L 1.9711496 1.2264174 1.9711496 1.2854725 1 P 0
L 1.98 4.015 1.98 4.0915 2 P 0
L 1.98 4.015 2.243 4.015 2 P 0
L 1.981 4.1985 1.981 4.274 2 P 0
L 1.981 4.274 2.217 4.274 2 P 0
L 1.9816929 2.0919291 1.9816929 2.5700787 0 P 0
L 2.0047717 4.8716929 2.0047717 4.9583071 1 P 0
L 2.0047717 4.8716929 2.178 4.8716929 1 P 0
L 2.0047717 4.9583071 2.178 4.9583071 1 P 0
L 2.0183071 2.0919291 2.0183071 2.5700787 0 P 0
L 2.0183071 2.0919291 2.4316929 2.0919291 0 P 0
L 2.0183071 2.5700787 2.4316929 2.5700787 0 P 0
L 2.0617323 3.6815748 2.0617323 3.9729134 1 P 0
L 2.0617323 3.6815748 2.2782677 3.6815748 1 P 0
L 2.0617323 3.9729134 2.2782677 3.9729134 1 P 0
L 2.0717008 4.915 2.1110709 4.915 0 P 0
L 2.0913858 4.895315 2.0913858 4.9346851 0 P 0
L 2.0958661 3.5334646 2.0958661 3.6673229 1 P 0
L 2.0958661 3.5334646 2.259252 3.5334646 1 P 0
L 2.0958661 3.6673229 2.259252 3.6673229 1 P 0
L 2.1173269 2.1864567 2.1173269 2.4935433 1 P 0
L 2.1173269 2.1864567 2.4480356 2.1864567 1 P 0
L 2.1173269 2.4935433 2.4480356 2.4935433 1 P 0
L 2.1358451 1.9168504 2.1358451 2.0231497 1 P 0
L 2.1358451 1.9168504 2.1949002 1.9168504 1 P 0
L 2.1358451 2.0231497 2.1949002 2.0231497 1 P 0
L 2.1456876 1.97 2.1850577 1.97 0 P 0
L 2.150315 3.8272441 2.189685 3.8272441 0 P 0
L 2.157874 3.6003937 2.1972441 3.6003937 0 P 0
L 2.1653726 1.950315 2.1653726 1.9896851 0 P 0
L 2.17 3.807559 2.17 3.8469291 0 P 0
L 2.177559 3.5807087 2.177559 3.6200788 0 P 0
L 2.178 4.8716929 2.178 4.9583071 1 P 0
L 2.1866929 1.0333858 2.1866929 1.2066141 1 P 0
L 2.1866929 1.0333858 2.2733071 1.0333858 1 P 0
L 2.1866929 1.2066141 2.2733071 1.2066141 1 P 0
L 2.1931564 1.9485956 2.1931564 2.0548949 1 P 0
L 2.1931564 1.9485956 2.2522115 1.9485956 1 P 0
L 2.1931564 2.0548949 2.2522115 2.0548949 1 P 0
L 2.1949002 1.9168504 2.1949002 2.0231497 1 P 0
L 2.199252 3.8590271 2.199252 3.9456413 1 P 0
L 2.199252 3.8590271 2.3724803 3.8590271 1 P 0
L 2.199252 3.9456413 2.3724803 3.9456413 1 P 0
L 2.2029989 2.0017452 2.242369 2.0017452 0 P 0
L 2.205315 2.4224409 2.244685 2.4224409 0 P 0
L 2.210315 1.12 2.2496851 1.12 0 P 0
L 2.217 4.274 2.242 4.249 2 P 0
L 2.2226839 1.9820602 2.2226839 2.0214303 0 P 0
L 2.225 2.4027559 2.225 2.442126 0 P 0
L 2.2266929 1.2533859 2.2266929 1.4266142 1 P 0
L 2.2266929 1.2533859 2.3133071 1.2533859 1 P 0
L 2.2266929 1.4266142 2.3133071 1.4266142 1 P 0
L 2.2266929 1.4433859 2.2266929 1.6166142 1 P 0
L 2.2266929 1.4433859 2.3133071 1.4433859 1 P 0
L 2.2266929 1.6166142 2.3133071 1.6166142 1 P 0
L 2.23 1.1003149 2.23 1.139685 0 P 0
L 2.2404724 1.6668503 2.2404724 1.7731496 1 P 0
L 2.2404724 1.6668503 2.2995275 1.6668503 1 P 0
L 2.2404724 1.7731496 2.2995275 1.7731496 1 P 0
L 2.242 4.1985 2.242 4.249 2 P 0
L 2.242 4.1985 2.271 4.1985 2 P 0
L 2.243 4.015 2.243 4.0915 2 P 0
L 2.243 4.0915 2.271 4.0915 2 P 0
L 2.249796 1.9485956 2.249796 2.0548949 1 P 0
L 2.249796 1.9485956 2.3088511 1.9485956 1 P 0
L 2.249796 2.0548949 2.3088511 2.0548949 1 P 0
L 2.2503149 1.34 2.289685 1.34 0 P 0
L 2.2503149 1.53 2.289685 1.53 0 P 0
L 2.2503149 1.72 2.289685 1.72 0 P 0
L 2.2522115 1.9485956 2.2522115 2.0548949 1 P 0
L 2.259252 3.5334646 2.259252 3.6673229 1 P 0
L 2.2596385 2.0017452 2.2990086 2.0017452 0 P 0
L 2.2629962 2.34 2.3023663 2.34 0 P 0
L 2.2661811 3.9023342 2.3055512 3.9023342 0 P 0
L 2.27 1.320315 2.27 1.3596851 0 P 0
L 2.27 1.510315 2.27 1.5496851 0 P 0
L 2.27 1.7003149 2.27 1.739685 0 P 0
L 2.271 4.0915 2.271 4.1985 2 P 0
L 2.2733071 1.0333858 2.2733071 1.2066141 1 P 0
L 2.2782677 3.6815748 2.2782677 3.9729134 1 P 0
L 2.2793235 1.9820602 2.2793235 2.0214303 0 P 0
L 2.2826813 2.3203149 2.2826813 2.359685 0 P 0
L 2.2858661 3.8826492 2.2858661 3.9220193 0 P 0
L 2.2866929 1.0333859 2.2866929 1.2066142 1 P 0
L 2.2866929 1.0333859 2.3733071 1.0333859 1 P 0
L 2.2866929 1.2066142 2.3733071 1.2066142 1 P 0
L 2.2995275 1.6668503 2.2995275 1.7731496 1 P 0
L 2.3086615 1.9485956 2.3086615 2.0548949 1 P 0
L 2.3086615 1.9485956 2.3677166 1.9485956 1 P 0
L 2.3086615 2.0548949 2.3677166 2.0548949 1 P 0
L 2.3088511 1.9485956 2.3088511 2.0548949 1 P 0
L 2.3103149 1.12 2.349685 1.12 0 P 0
L 2.3133071 1.2533859 2.3133071 1.4266142 1 P 0
L 2.3133071 1.4433859 2.3133071 1.6166142 1 P 0
L 2.3133859 2.9060629 2.3133859 2.9926771 1 P 0
L 2.3133859 2.9060629 2.4866142 2.9060629 1 P 0
L 2.3133859 2.9926771 2.4866142 2.9926771 1 P 0
L 2.318504 2.0017452 2.3578741 2.0017452 0 P 0
L 2.33 1.100315 2.33 1.1396851 0 P 0
L 2.338189 1.9820602 2.338189 2.0214303 0 P 0
L 2.3677166 1.9485956 2.3677166 2.0548949 1 P 0
L 2.3724803 3.8590271 2.3724803 3.9456413 1 P 0
L 2.3733071 1.0333859 2.3733071 1.2066142 1 P 0
L 2.380315 2.94937 2.4196851 2.94937 0 P 0
L 2.3843998 6.3732283 2.3843998 6.4996063 1 P 0
L 2.3843998 6.3732283 2.486762 6.3732283 1 P 0
L 2.3843998 6.4996063 2.486762 6.4996063 1 P 0
L 2.4 2.929685 2.4 2.9690551 0 P 0
L 2.4158959 6.4364173 2.455266 6.4364173 0 P 0
L 2.4266929 1.0333859 2.4266929 1.2066142 1 P 0
L 2.4266929 1.0333859 2.5133071 1.0333859 1 P 0
L 2.4266929 1.2066142 2.5133071 1.2066142 1 P 0
L 2.4316929 2.0919291 2.4316929 2.5700787 0 P 0
L 2.4355809 6.4167322 2.4355809 6.4561023 0 P 0
L 2.4480356 2.1864567 2.4480356 2.4935433 1 P 0
L 2.4503149 1.12 2.489685 1.12 0 P 0
L 2.47 1.100315 2.47 1.1396851 0 P 0
L 2.4866142 2.9060629 2.4866142 2.9926771 1 P 0
L 2.486762 6.3732283 2.486762 6.4996063 1 P 0
L 2.487945 2.0919291 2.487945 2.5700787 0 P 0
L 2.487945 2.0919291 2.9013308 2.0919291 0 P 0
L 2.487945 2.5700787 2.9013308 2.5700787 0 P 0
L 2.5133071 1.0333859 2.5133071 1.2066142 1 P 0
L 2.614941 2.1864567 2.614941 2.4935433 1 P 0
L 2.614941 2.1864567 2.9456497 2.1864567 1 P 0
L 2.614941 2.4935433 2.9456497 2.4935433 1 P 0
L 2.6173228 3.0119684 2.6173228 3.1537007 1 P 0
L 2.6173228 3.0119684 2.7826771 3.0119684 1 P 0
L 2.6173228 3.1537007 2.7826771 3.1537007 1 P 0
L 2.6366929 1.3775197 2.6366929 1.550748 1 P 0
L 2.6366929 1.3775197 2.7233071 1.3775197 1 P 0
L 2.6366929 1.550748 2.7233071 1.550748 1 P 0
L 2.6366929 1.7133858 2.6366929 1.8866141 1 P 0
L 2.6366929 1.7133858 2.7233071 1.7133858 1 P 0
L 2.6366929 1.8866141 2.7233071 1.8866141 1 P 0
L 2.6603149 1.4641339 2.699685 1.4641339 0 P 0
L 2.6603149 1.8 2.699685 1.8 0 P 0
L 2.6749529 2.4224409 2.7143229 2.4224409 0 P 0
L 2.68 1.4444488 2.68 1.4838189 0 P 0
L 2.68 1.7803149 2.68 1.819685 0 P 0
L 2.6803149 3.0828346 2.719685 3.0828346 0 P 0
L 2.6946379 2.4027559 2.6946379 2.442126 0 P 0
L 2.7 3.0631495 2.7 3.1025196 0 P 0
L 2.7141338 6.7523228 2.7141338 6.9176772 1 P 0
L 2.7141338 6.7523228 2.8558661 6.7523228 1 P 0
L 2.7141338 6.9176772 2.8558661 6.9176772 1 P 0
L 2.7233071 1.3775197 2.7233071 1.550748 1 P 0
L 2.7233071 1.7133858 2.7233071 1.8866141 1 P 0
L 2.7496929 1.3733858 2.7496929 1.5466141 1 P 0
L 2.7496929 1.3733858 2.8363071 1.3733858 1 P 0
L 2.7496929 1.5466141 2.8363071 1.5466141 1 P 0
L 2.7566929 1.7133858 2.7566929 1.8866141 1 P 0
L 2.7566929 1.7133858 2.8433071 1.7133858 1 P 0
L 2.7566929 1.8866141 2.8433071 1.8866141 1 P 0
L 2.7606103 2.34 2.7999804 2.34 0 P 0
L 2.7653149 6.835 2.804685 6.835 0 P 0
L 2.7733149 1.46 2.812685 1.46 0 P 0
L 2.7802954 2.3203149 2.7802954 2.359685 0 P 0
L 2.7803149 1.8 2.819685 1.8 0 P 0
L 2.7826771 3.0119684 2.7826771 3.1537007 1 P 0
L 2.785 6.815315 2.785 6.854685 0 P 0
L 2.793 1.4403149 2.793 1.479685 0 P 0
L 2.8 1.7803149 2.8 1.819685 0 P 0
L 2.8363071 1.3733858 2.8363071 1.5466141 1 P 0
L 2.8433071 1.7133858 2.8433071 1.8866141 1 P 0
L 2.8558661 6.7523228 2.8558661 6.9176772 1 P 0
L 2.9013308 2.0919291 2.9013308 2.5700787 0 P 0
L 2.9456497 2.1864567 2.9456497 2.4935433 1 P 0
L 2.968764 2.0919291 2.968764 2.5700787 0 P 0
L 2.968764 2.0919291 3.3821498 2.0919291 0 P 0
L 2.968764 2.5700787 3.3821498 2.5700787 0 P 0
L 3.0069529 2.7564567 3.0069529 3.0635433 1 P 0
L 3.0069529 2.7564567 3.3376616 2.7564567 1 P 0
L 3.0069529 3.0635433 3.3376616 3.0635433 1 P 0
L 3.0139898 4.077098 3.0139898 4.2936334 1 P 0
L 3.0139898 4.077098 3.3053284 4.077098 1 P 0
L 3.0139898 4.2936334 3.3053284 4.2936334 1 P 0
L 3.0179267 3.322264 3.0179267 3.4285633 1 P 0
L 3.0179267 3.322264 3.1537535 3.322264 1 P 0
L 3.0179267 3.4285633 3.1537535 3.4285633 1 P 0
L 3.0543126 1.9679921 3.0543126 2.0742914 1 P 0
L 3.0543126 1.9679921 3.1133677 1.9679921 1 P 0
L 3.0543126 2.0742914 3.1133677 2.0742914 1 P 0
L 3.0641551 2.0211417 3.1035252 2.0211417 0 P 0
L 3.066155 3.3754136 3.1055251 3.3754136 0 P 0
L 3.0838401 2.0014567 3.0838401 2.0408268 0 P 0
L 3.0858401 3.3557286 3.0858401 3.3950987 0 P 0
L 3.1079371 1.5204725 3.1079371 1.5795276 1 P 0
L 3.1079371 1.5204725 3.2142364 1.5204725 1 P 0
L 3.1079371 1.5795276 3.2142364 1.5795276 1 P 0
L 3.1125778 1.969851 3.1125778 2.0761503 1 P 0
L 3.1125778 1.969851 3.1716329 1.969851 1 P 0
L 3.1125778 2.0761503 3.1716329 2.0761503 1 P 0
L 3.1133677 1.9679921 3.1133677 2.0742914 1 P 0
L 3.1224203 2.0230006 3.1617904 2.0230006 0 P 0
L 3.1399741 4.1853657 3.1793442 4.1853657 0 P 0
L 3.1414017 1.55 3.1807718 1.55 0 P 0
L 3.1421053 2.0033156 3.1421053 2.0426857 0 P 0
L 3.1526222 2.91 3.1919923 2.91 0 P 0
L 3.1537535 3.322264 3.1537535 3.4285633 1 P 0
L 3.1557719 2.4224409 3.1951419 2.4224409 0 P 0
L 3.1591339 6.2623228 3.1591339 6.4276772 1 P 0
L 3.1591339 6.2623228 3.3008662 6.2623228 1 P 0
L 3.1591339 6.4276772 3.3008662 6.4276772 1 P 0
L 3.1596591 4.1656807 3.1596591 4.2050507 0 P 0
L 3.1610868 1.530315 3.1610868 1.5696851 0 P 0
L 3.1709294 1.969851 3.1709294 2.0761503 1 P 0
L 3.1709294 1.969851 3.2299845 1.969851 1 P 0
L 3.1709294 2.0761503 3.2299845 2.0761503 1 P 0
L 3.1716329 1.969851 3.1716329 2.0761503 1 P 0
L 3.1723072 2.8903149 3.1723072 2.929685 0 P 0
L 3.1754569 2.4027559 3.1754569 2.442126 0 P 0
L 3.1766929 6.7233858 3.1766929 6.8966141 1 P 0
L 3.1766929 6.7233858 3.2633071 6.7233858 1 P 0
L 3.1766929 6.8966141 3.2633071 6.8966141 1 P 0
L 3.1807719 2.0230006 3.220142 2.0230006 0 P 0
L 3.1908056 2.6647596 3.1908056 2.7710589 1 P 0
L 3.1908056 2.6647596 3.3266324 2.6647596 1 P 0
L 3.1908056 2.7710589 3.3266324 2.7710589 1 P 0
L 3.200315 6.81 3.2396851 6.81 0 P 0
L 3.2004569 2.0033156 3.2004569 2.0426857 0 P 0
L 3.210315 6.345 3.2496851 6.345 0 P 0
L 3.2142364 1.5204725 3.2142364 1.5795276 1 P 0
L 3.22 6.7903149 3.22 6.829685 0 P 0
L 3.2299845 1.969851 3.2299845 2.0761503 1 P 0
L 3.23 6.325315 3.23 6.364685 0 P 0
L 3.2390339 2.7179093 3.278404 2.7179093 0 P 0
L 3.258719 2.6982242 3.258719 2.7375943 0 P 0
L 3.2633071 6.7233858 3.2633071 6.8966141 1 P 0
L 3.2692912 1.8751562 3.2692912 1.9342113 1 P 0
L 3.2692912 1.8751562 3.3755905 1.8751562 1 P 0
L 3.2692912 1.9342113 3.3755905 1.9342113 1 P 0
L 3.3008662 6.2623228 3.3008662 6.4276772 1 P 0
L 3.3027558 1.9046837 3.3421259 1.9046837 0 P 0
L 3.3053284 4.077098 3.3053284 4.2936334 1 P 0
L 3.3166929 6.5333858 3.3166929 6.7066141 1 P 0
L 3.3166929 6.5333858 3.4033071 6.5333858 1 P 0
L 3.3166929 6.7066141 3.4033071 6.7066141 1 P 0
L 3.3224409 1.8849987 3.3224409 1.9243688 0 P 0
L 3.3266324 2.6647596 3.3266324 2.7710589 1 P 0
L 3.3376616 2.7564567 3.3376616 3.0635433 1 P 0
L 3.340315 6.62 3.3796851 6.62 0 P 0
L 3.36 6.6003149 3.36 6.639685 0 P 0
L 3.3755905 1.8751562 3.3755905 1.9342113 1 P 0
L 3.3821498 2.0919291 3.3821498 2.5700787 0 P 0
L 3.4033071 6.5333858 3.4033071 6.7066141 1 P 0
L 3.4306143 2.0919291 3.4306143 2.5700787 0 P 0
L 3.4306143 2.0919291 3.8440001 2.0919291 0 P 0
L 3.4306143 2.5700787 3.8440001 2.5700787 0 P 0
L 3.4396484 1.0764174 3.4396484 1.1354725 1 P 0
L 3.4396484 1.0764174 3.5459477 1.0764174 1 P 0
L 3.4396484 1.1354725 3.5459477 1.1354725 1 P 0
L 3.4396484 1.1364174 3.4396484 1.1954725 1 P 0
L 3.4396484 1.1364174 3.5459477 1.1364174 1 P 0
L 3.4396484 1.1954725 3.5459477 1.1954725 1 P 0
L 3.4396484 1.1964174 3.4396484 1.2554725 1 P 0
L 3.4396484 1.1964174 3.5459477 1.1964174 1 P 0
L 3.4396484 1.2554725 3.5459477 1.2554725 1 P 0
L 3.473113 1.1059449 3.5124831 1.1059449 0 P 0
L 3.473113 1.1659449 3.5124831 1.1659449 0 P 0
L 3.473113 1.2259449 3.5124831 1.2259449 0 P 0
L 3.4792151 5.6441339 3.4792151 5.7858662 1 P 0
L 3.4792151 5.6441339 3.6307899 5.6441339 1 P 0
L 3.4792151 5.7858662 3.6307899 5.7858662 1 P 0
L 3.4927981 1.0862599 3.4927981 1.12563 0 P 0
L 3.4927981 1.1462599 3.4927981 1.18563 0 P 0
L 3.4927981 1.2062599 3.4927981 1.24563 0 P 0
L 3.5069529 2.7564567 3.5069529 3.0635433 1 P 0
L 3.5069529 2.7564567 3.8376616 2.7564567 1 P 0
L 3.5069529 3.0635433 3.8376616 3.0635433 1 P 0
L 3.5209687 1.9967765 3.5209687 2.1030758 1 P 0
L 3.5209687 1.9967765 3.5800238 1.9967765 1 P 0
L 3.5209687 2.1030758 3.5800238 2.1030758 1 P 0
L 3.5308112 2.0499261 3.5701813 2.0499261 0 P 0
L 3.5353175 5.715 3.5746875 5.715 0 P 0
L 3.5459477 1.0764174 3.5459477 1.1354725 1 P 0
L 3.5459477 1.1364174 3.5459477 1.1954725 1 P 0
L 3.5459477 1.1964174 3.5459477 1.2554725 1 P 0
L 3.5504962 2.0302411 3.5504962 2.0696112 0 P 0
L 3.5550025 5.695315 3.5550025 5.7346851 0 P 0
L 3.5744281 1.9955512 3.5744281 2.1018505 1 P 0
L 3.5744281 1.9955512 3.6334832 1.9955512 1 P 0
L 3.5744281 2.1018505 3.6334832 2.1018505 1 P 0
L 3.5800238 1.9967765 3.5800238 2.1030758 1 P 0
L 3.5842706 2.0487008 3.6236407 2.0487008 0 P 0
L 3.5952441 4.1349653 3.5952441 4.5857527 1 P 0
L 3.5952441 4.1349653 3.8806772 4.1349653 1 P 0
L 3.5952441 4.5857527 3.8806772 4.5857527 1 P 0
L 3.6039556 2.0290158 3.6039556 2.0683859 0 P 0
L 3.6176222 2.4224409 3.6569922 2.4224409 0 P 0
L 3.6183859 4.0305929 3.6183859 4.1172071 1 P 0
L 3.6183859 4.0305929 3.7916142 4.0305929 1 P 0
L 3.6183859 4.1172071 3.7916142 4.1172071 1 P 0
L 3.6307899 5.6441339 3.6307899 5.7858662 1 P 0
L 3.6334832 1.9955512 3.6334832 2.1018505 1 P 0
L 3.6373072 2.4027559 3.6373072 2.442126 0 P 0
L 3.6526222 2.91 3.6919923 2.91 0 P 0
L 3.6723072 2.8903149 3.6723072 2.929685 0 P 0
L 3.685315 4.0739 3.7246851 4.0739 0 P 0
L 3.6863465 2.0340079 3.6863465 2.093063 1 P 0
L 3.6863465 2.0340079 3.7926458 2.0340079 1 P 0
L 3.6863465 2.093063 3.7926458 2.093063 1 P 0
L 3.6887018 1.9254724 3.6887018 1.9845275 1 P 0
L 3.6887018 1.9254724 3.7950011 1.9254724 1 P 0
L 3.6887018 1.9845275 3.7950011 1.9845275 1 P 0
L 3.705 4.054215 3.705 4.0935851 0 P 0
L 3.7182756 4.360359 3.7576457 4.360359 0 P 0
L 3.7198111 2.0635354 3.7591812 2.0635354 0 P 0
L 3.7221664 1.955 3.7615365 1.955 0 P 0
L 3.7379606 4.3406739 3.7379606 4.380044 0 P 0
L 3.7394962 2.0438504 3.7394962 2.0832205 0 P 0
L 3.7418514 1.9353149 3.7418514 1.974685 0 P 0
L 3.7476771 5.6048819 3.7476771 5.8883465 1 P 0
L 3.7476771 5.6048819 4.0823228 5.6048819 1 P 0
L 3.7476771 5.8883465 4.0823228 5.8883465 1 P 0
L 3.7916142 4.0305929 3.7916142 4.1172071 1 P 0
L 3.7926458 2.0340079 3.7926458 2.093063 1 P 0
L 3.7950011 1.9254724 3.7950011 1.9845275 1 P 0
L 3.8266929 1.0433858 3.8266929 1.2166141 1 P 0
L 3.8266929 1.0433858 3.9133071 1.0433858 1 P 0
L 3.8266929 1.2166141 3.9133071 1.2166141 1 P 0
L 3.8266929 1.2433858 3.8266929 1.4166141 1 P 0
L 3.8266929 1.2433858 3.9133071 1.2433858 1 P 0
L 3.8266929 1.4166141 3.9133071 1.4166141 1 P 0
L 3.8266929 1.4333859 3.8266929 1.6066142 1 P 0
L 3.8266929 1.4333859 3.9133071 1.4333859 1 P 0
L 3.8266929 1.6066142 3.9133071 1.6066142 1 P 0
L 3.8266929 1.6133859 3.8266929 1.7866142 1 P 0
L 3.8266929 1.6133859 3.9133071 1.6133859 1 P 0
L 3.8266929 1.7866142 3.9133071 1.7866142 1 P 0
L 3.8376616 2.7564567 3.8376616 3.0635433 1 P 0
L 3.8440001 2.0919291 3.8440001 2.5700787 0 P 0
L 3.8503149 1.52 3.889685 1.52 0 P 0
L 3.8503149 1.7 3.889685 1.7 0 P 0
L 3.850315 1.13 3.8896851 1.13 0 P 0
L 3.850315 1.33 3.8896851 1.33 0 P 0
L 3.87 1.1103149 3.87 1.149685 0 P 0
L 3.87 1.3103149 3.87 1.349685 0 P 0
L 3.87 1.500315 3.87 1.5396851 0 P 0
L 3.87 1.680315 3.87 1.7196851 0 P 0
L 3.8806772 4.1349653 3.8806772 4.5857527 1 P 0
L 3.8953149 5.7466142 3.934685 5.7466142 0 P 0
L 3.9008977 2.0919291 3.9008977 2.5700787 0 P 0
L 3.9008977 2.0919291 4.3142835 2.0919291 0 P 0
L 3.9008977 2.5700787 4.3142835 2.5700787 0 P 0
L 3.9133071 1.0433858 3.9133071 1.2166141 1 P 0
L 3.9133071 1.2433858 3.9133071 1.4166141 1 P 0
L 3.9133071 1.4333859 3.9133071 1.6066142 1 P 0
L 3.9133071 1.6133859 3.9133071 1.7866142 1 P 0
L 3.9133858 3.9466929 3.9133858 4.0333071 1 P 0
L 3.9133858 3.9466929 4.0866141 3.9466929 1 P 0
L 3.9133858 4.0333071 4.0866141 4.0333071 1 P 0
L 3.915 5.7269291 3.915 5.7662992 0 P 0
L 3.9803149 3.99 4.019685 3.99 0 P 0
L 3.9902441 4.1185063 3.9902441 4.5692937 1 P 0
L 3.9902441 4.1185063 4.2756772 4.1185063 1 P 0
L 3.9902441 4.5692937 4.2756772 4.5692937 1 P 0
L 3.9916929 5.8483859 3.9916929 6.0216142 1 P 0
L 3.9916929 5.8483859 4.0783071 5.8483859 1 P 0
L 3.9916929 6.0216142 4.0783071 6.0216142 1 P 0
L 4 3.9703149 4 4.009685 0 P 0
L 4.0069529 2.7564567 4.0069529 3.0635433 1 P 0
L 4.0069529 2.7564567 4.3376616 2.7564567 1 P 0
L 4.0069529 3.0635433 4.3376616 3.0635433 1 P 0
L 4.0153149 5.935 4.054685 5.935 0 P 0
L 4.0166929 1.0433859 4.0166929 1.2166142 1 P 0
L 4.0166929 1.0433859 4.1033071 1.0433859 1 P 0
L 4.0166929 1.2166142 4.1033071 1.2166142 1 P 0
L 4.035 5.915315 4.035 5.9546851 0 P 0
L 4.0403149 1.13 4.079685 1.13 0 P 0
L 4.06 1.110315 4.06 1.1496851 0 P 0
L 4.0783071 5.8483859 4.0783071 6.0216142 1 P 0
L 4.0823228 5.6048819 4.0823228 5.8883465 1 P 0
L 4.0866141 3.9466929 4.0866141 4.0333071 1 P 0
L 4.0879056 2.4224409 4.1272756 2.4224409 0 P 0
L 4.1033071 1.0433859 4.1033071 1.2166142 1 P 0
L 4.1075906 2.4027559 4.1075906 2.442126 0 P 0
L 4.1132756 4.3439 4.1526457 4.3439 0 P 0
L 4.1329606 4.3242149 4.1329606 4.363585 0 P 0
L 4.1526222 2.91 4.1919923 2.91 0 P 0
L 4.1723072 2.8903149 4.1723072 2.929685 0 P 0
L 4.240748 1.3633858 4.240748 1.5366141 1 P 0
L 4.240748 1.3633858 4.3273622 1.3633858 1 P 0
L 4.240748 1.5366141 4.3273622 1.5366141 1 P 0
L 4.2426378 1.7133858 4.2426378 1.8866141 1 P 0
L 4.2426378 1.7133858 4.329252 1.7133858 1 P 0
L 4.2426378 1.8866141 4.329252 1.8866141 1 P 0
L 4.26437 1.45 4.3037401 1.45 0 P 0
L 4.2662598 1.8 4.3056299 1.8 0 P 0
L 4.2756772 4.1185063 4.2756772 4.5692937 1 P 0
L 4.2840551 1.4303149 4.2840551 1.469685 0 P 0
L 4.2859449 1.7803149 4.2859449 1.819685 0 P 0
L 4.3142835 2.0919291 4.3142835 2.5700787 0 P 0
L 4.3273622 1.3633858 4.3273622 1.5366141 1 P 0
L 4.329252 1.7133858 4.329252 1.8866141 1 P 0
L 4.3376616 2.7564567 4.3376616 3.0635433 1 P 0
L 4.3666929 1.7133858 4.3666929 1.8866141 1 P 0
L 4.3666929 1.7133858 4.4533071 1.7133858 1 P 0
L 4.3666929 1.8866141 4.4533071 1.8866141 1 P 0
L 4.370748 1.3633858 4.370748 1.5366141 1 P 0
L 4.370748 1.3633858 4.4573622 1.3633858 1 P 0
L 4.370748 1.5366141 4.4573622 1.5366141 1 P 0
L 4.3841261 2.0919291 4.3841261 2.5700787 0 P 0
L 4.3841261 2.0919291 4.7975119 2.0919291 0 P 0
L 4.3841261 2.5700787 4.7975119 2.5700787 0 P 0
L 4.3871194 5.5842913 4.3871194 5.7260236 1 P 0
L 4.3871194 5.5842913 4.5386942 5.5842913 1 P 0
L 4.3871194 5.7260236 4.5386942 5.7260236 1 P 0
L 4.3903149 1.8 4.429685 1.8 0 P 0
L 4.39437 1.45 4.4337401 1.45 0 P 0
L 4.41 1.7803149 4.41 1.819685 0 P 0
L 4.4140551 1.4303149 4.4140551 1.469685 0 P 0
L 4.4432218 5.6551574 4.4825918 5.6551574 0 P 0
L 4.4533071 1.7133858 4.4533071 1.8866141 1 P 0
L 4.4573622 1.3633858 4.4573622 1.5366141 1 P 0
L 4.4629068 5.6354724 4.4629068 5.6748425 0 P 0
L 4.478376 1.9777244 4.478376 2.0840237 1 P 0
L 4.478376 1.9777244 4.5374311 1.9777244 1 P 0
L 4.478376 2.0840237 4.5374311 2.0840237 1 P 0
L 4.4882185 2.030874 4.5275886 2.030874 0 P 0
L 4.4969529 2.7564567 4.4969529 3.0635433 1 P 0
L 4.4969529 2.7564567 4.8276616 2.7564567 1 P 0
L 4.4969529 3.0635433 4.8276616 3.0635433 1 P 0
L 4.5079035 2.011189 4.5079035 2.0505591 0 P 0
L 4.5353388 1.9777244 4.5353388 2.0840237 1 P 0
L 4.5353388 1.9777244 4.5943939 1.9777244 1 P 0
L 4.5353388 2.0840237 4.5943939 2.0840237 1 P 0
L 4.5374311 1.9777244 4.5374311 2.0840237 1 P 0
L 4.5386942 5.5842913 4.5386942 5.7260236 1 P 0
L 4.5451813 2.030874 4.5845514 2.030874 0 P 0
L 4.5648663 2.011189 4.5648663 2.0505591 0 P 0
L 4.571134 2.4224409 4.610504 2.4224409 0 P 0
L 4.590819 2.4027559 4.590819 2.442126 0 P 0
L 4.5943939 1.9777244 4.5943939 2.0840237 1 P 0
L 4.5943939 1.9777244 4.5943939 2.0840237 1 P 0
L 4.5943939 1.9777244 4.653449 1.9777244 1 P 0
L 4.5943939 2.0840237 4.653449 2.0840237 1 P 0
L 4.6042364 2.030874 4.6436065 2.030874 0 P 0
L 4.6239214 2.011189 4.6239214 2.0505591 0 P 0
L 4.6396929 6.7868343 4.6396929 6.9600626 1 P 0
L 4.6396929 6.7868343 4.7263071 6.7868343 1 P 0
L 4.6396929 6.9600626 4.7263071 6.9600626 1 P 0
L 4.6426222 2.91 4.6819923 2.91 0 P 0
L 4.6433858 4.5566929 4.6433858 4.6433071 1 P 0
L 4.6433858 4.5566929 4.8166141 4.5566929 1 P 0
L 4.6433858 4.6433071 4.8166141 4.6433071 1 P 0
L 4.653449 1.9777244 4.653449 2.0840237 1 P 0
L 4.653449 1.9777244 4.653449 2.0840237 1 P 0
L 4.653449 1.9777244 4.7125041 1.9777244 1 P 0
L 4.653449 2.0840237 4.7125041 2.0840237 1 P 0
L 4.6623072 2.8903149 4.6623072 2.929685 0 P 0
L 4.6632915 2.030874 4.7026616 2.030874 0 P 0
L 4.663315 6.8734485 4.7026851 6.8734485 0 P 0
L 4.6829765 2.011189 4.6829765 2.0505591 0 P 0
L 4.683 6.8537634 4.683 6.8931335 0 P 0
L 4.7103149 4.6 4.749685 4.6 0 P 0
L 4.7125041 1.9777244 4.7125041 2.0840237 1 P 0
L 4.7263071 6.7868343 4.7263071 6.9600626 1 P 0
L 4.73 4.5803149 4.73 4.619685 0 P 0
L 4.7314567 5.6347638 4.7314567 5.8552362 1 P 0
L 4.7314567 5.6347638 5.0385433 5.6347638 1 P 0
L 4.7314567 5.8552362 5.0385433 5.8552362 1 P 0
L 4.7975119 2.0919291 4.7975119 2.5700787 0 P 0
L 4.8166141 4.5566929 4.8166141 4.6433071 1 P 0
L 4.8168503 1.4193019 4.8168503 1.478357 1 P 0
L 4.8168503 1.4193019 4.9231496 1.4193019 1 P 0
L 4.8168503 1.478357 4.9231496 1.478357 1 P 0
L 4.8276616 2.7564567 4.8276616 3.0635433 1 P 0
L 4.8503149 1.4488294 4.889685 1.4488294 0 P 0
L 4.865315 5.745 4.9046851 5.745 0 P 0
L 4.8661733 2.0919291 4.8661733 2.5700787 0 P 0
L 4.8661733 2.0919291 5.2795591 2.0919291 0 P 0
L 4.8661733 2.5700787 5.2795591 2.5700787 0 P 0
L 4.87 1.4291444 4.87 1.4685145 0 P 0
L 4.885 5.7253149 4.885 5.764685 0 P 0
L 4.8874016 4.1390552 4.8874016 4.4618898 1 P 0
L 4.8874016 4.1390552 5.2496063 4.1390552 1 P 0
L 4.8874016 4.4618898 5.2496063 4.4618898 1 P 0
L 4.9231496 1.4193019 4.9231496 1.478357 1 P 0
L 4.9565277 1.985244 4.9565277 2.0915433 1 P 0
L 4.9565277 1.985244 5.0155828 1.985244 1 P 0
L 4.9565277 2.0915433 5.0155828 2.0915433 1 P 0
L 4.9618503 1.0554725 4.9618503 1.1145276 1 P 0
L 4.9618503 1.0554725 5.0681496 1.0554725 1 P 0
L 4.9618503 1.1145276 5.0681496 1.1145276 1 P 0
L 4.9618503 1.1154725 4.9618503 1.1745276 1 P 0
L 4.9618503 1.1154725 5.0681496 1.1154725 1 P 0
L 4.9618503 1.1745276 5.0681496 1.1745276 1 P 0
L 4.9618503 1.1754725 4.9618503 1.2345276 1 P 0
L 4.9618503 1.1754725 5.0681496 1.1754725 1 P 0
L 4.9618503 1.2345276 5.0681496 1.2345276 1 P 0
L 4.9663702 2.0383936 5.0057403 2.0383936 0 P 0
L 4.9860552 2.0187086 4.9860552 2.0580787 0 P 0
L 4.9869529 2.7564567 4.9869529 3.0635433 1 P 0
L 4.9869529 2.7564567 5.3176616 2.7564567 1 P 0
L 4.9869529 3.0635433 5.3176616 3.0635433 1 P 0
L 4.9953149 1.085 5.034685 1.085 0 P 0
L 4.9953149 1.145 5.034685 1.145 0 P 0
L 4.9953149 1.205 5.034685 1.205 0 P 0
L 5.015 1.065315 5.015 1.1046851 0 P 0
L 5.015 1.125315 5.015 1.1646851 0 P 0
L 5.015 1.185315 5.015 1.2246851 0 P 0
L 5.0155828 1.985244 5.0155828 2.0915433 1 P 0
L 5.018449 1.985244 5.018449 2.0915433 1 P 0
L 5.018449 1.985244 5.0775041 1.985244 1 P 0
L 5.018449 2.0915433 5.0775041 2.0915433 1 P 0
L 5.0282915 2.0383936 5.0676616 2.0383936 0 P 0
L 5.0385433 5.6347638 5.0385433 5.8552362 1 P 0
L 5.0479765 2.0187086 5.0479765 2.0580787 0 P 0
L 5.0488189 4.3004725 5.088189 4.3004725 0 P 0
L 5.0531812 2.4224409 5.0925512 2.4224409 0 P 0
L 5.0681496 1.0554725 5.0681496 1.1145276 1 P 0
L 5.0681496 1.1154725 5.0681496 1.1745276 1 P 0
L 5.0681496 1.1754725 5.0681496 1.2345276 1 P 0
L 5.068504 4.2807874 5.068504 4.3201575 0 P 0
L 5.0728662 2.4027559 5.0728662 2.442126 0 P 0
L 5.0764567 5.6347638 5.0764567 5.8552362 1 P 0
L 5.0764567 5.6347638 5.3835433 5.6347638 1 P 0
L 5.0764567 5.8552362 5.3835433 5.8552362 1 P 0
L 5.0775041 1.985244 5.0775041 2.0915433 1 P 0
L 5.0778503 1.9654725 5.0778503 2.0245276 1 P 0
L 5.0778503 1.9654725 5.1841496 1.9654725 1 P 0
L 5.0778503 2.0245276 5.1841496 2.0245276 1 P 0
L 5.1113149 1.995 5.150685 1.995 0 P 0
L 5.1228503 2.0312008 5.1228503 2.0902559 1 P 0
L 5.1228503 2.0312008 5.2291496 2.0312008 1 P 0
L 5.1228503 2.0902559 5.2291496 2.0902559 1 P 0
L 5.131 1.975315 5.131 2.0146851 0 P 0
L 5.1326222 2.91 5.1719923 2.91 0 P 0
L 5.1523072 2.8903149 5.1523072 2.929685 0 P 0
L 5.1563149 2.0607283 5.195685 2.0607283 0 P 0
L 5.176 2.0410433 5.176 2.0804134 0 P 0
L 5.1841496 1.9654725 5.1841496 2.0245276 1 P 0
L 5.210315 5.745 5.2496851 5.745 0 P 0
L 5.2291496 2.0312008 5.2291496 2.0902559 1 P 0
L 5.23 5.7253149 5.23 5.764685 0 P 0
L 5.2496063 4.1390552 5.2496063 4.4618898 1 P 0
L 5.2497482 3.9183858 5.2497482 4.0916141 1 P 0
L 5.2497482 3.9183858 5.3363624 3.9183858 1 P 0
L 5.2497482 4.0916141 5.3363624 4.0916141 1 P 0
L 5.2733703 4.005 5.3127404 4.005 0 P 0
L 5.2795591 2.0919291 5.2795591 2.5700787 0 P 0
L 5.2930553 3.9853149 5.2930553 4.024685 0 P 0
L 5.3176616 2.7564567 5.3176616 3.0635433 1 P 0
L 5.3233859 4.5566929 5.3233859 4.6433071 1 P 0
L 5.3233859 4.5566929 5.4966142 4.5566929 1 P 0
L 5.3233859 4.6433071 5.4966142 4.6433071 1 P 0
L 5.3323544 2.0919291 5.3323544 2.5700787 0 P 0
L 5.3323544 2.0919291 5.7457402 2.0919291 0 P 0
L 5.3323544 2.5700787 5.7457402 2.5700787 0 P 0
L 5.3363624 3.9183858 5.3363624 4.0916141 1 P 0
L 5.3835433 5.6347638 5.3835433 5.8552362 1 P 0
L 5.390315 4.6 5.4296851 4.6 0 P 0
L 5.41 4.580315 5.41 4.6196851 0 P 0
L 5.4214567 5.6347638 5.4214567 5.8552362 1 P 0
L 5.4214567 5.6347638 5.7285433 5.6347638 1 P 0
L 5.4214567 5.8552362 5.7285433 5.8552362 1 P 0
L 5.4266929 1.0509843 5.4266929 1.2242126 1 P 0
L 5.4266929 1.0509843 5.5133071 1.0509843 1 P 0
L 5.4266929 1.2242126 5.5133071 1.2242126 1 P 0
L 5.4266929 1.2333858 5.4266929 1.4066141 1 P 0
L 5.4266929 1.2333858 5.5133071 1.2333858 1 P 0
L 5.4266929 1.4066141 5.5133071 1.4066141 1 P 0
L 5.4266929 1.4333859 5.4266929 1.6066142 1 P 0
L 5.4266929 1.4333859 5.5133071 1.4333859 1 P 0
L 5.4266929 1.6066142 5.5133071 1.6066142 1 P 0
L 5.4266929 1.6233859 5.4266929 1.7966142 1 P 0
L 5.4266929 1.6233859 5.5133071 1.6233859 1 P 0
L 5.4266929 1.7966142 5.5133071 1.7966142 1 P 0
L 5.4503149 1.52 5.489685 1.52 0 P 0
L 5.4503149 1.71 5.489685 1.71 0 P 0
L 5.450315 1.1375985 5.4896851 1.1375985 0 P 0
L 5.450315 1.32 5.4896851 1.32 0 P 0
L 5.47 1.1179134 5.47 1.1572835 0 P 0
L 5.47 1.3003149 5.47 1.339685 0 P 0
L 5.47 1.500315 5.47 1.5396851 0 P 0
L 5.47 1.690315 5.47 1.7296851 0 P 0
L 5.4726144 2.7564567 5.4726144 3.0635433 1 P 0
L 5.4726144 2.7564567 5.8033231 2.7564567 1 P 0
L 5.4726144 3.0635433 5.8033231 3.0635433 1 P 0
L 5.4966142 4.5566929 5.4966142 4.6433071 1 P 0
L 5.5108407 6.0197638 5.5108407 6.1087402 1 P 0
L 5.5108407 6.0197638 5.513203 6.0197638 1 P 0
L 5.5108407 6.1087402 5.513203 6.1087402 1 P 0
L 5.513203 6.0016536 5.513203 6.0197638 1 P 0
L 5.513203 6.0016536 5.6620218 6.0016536 1 P 0
L 5.513203 6.1087402 5.513203 6.1268504 1 P 0
L 5.513203 6.1268504 5.6620218 6.1268504 1 P 0
L 5.5133071 1.0509843 5.5133071 1.2242126 1 P 0
L 5.5133071 1.2333858 5.5133071 1.4066141 1 P 0
L 5.5133071 1.4333859 5.5133071 1.6066142 1 P 0
L 5.5133071 1.6233859 5.5133071 1.7966142 1 P 0
L 5.5193623 2.4224409 5.5587323 2.4224409 0 P 0
L 5.5264567 5.3196456 5.5264567 5.6503543 1 P 0
L 5.5264567 5.3196456 5.8335433 5.3196456 1 P 0
L 5.5264567 5.6503543 5.8335433 5.6503543 1 P 0
L 5.5390473 2.4027559 5.5390473 2.442126 0 P 0
L 5.555315 5.745 5.5946851 5.745 0 P 0
L 5.575 5.7253149 5.575 5.764685 0 P 0
L 5.6095669 4.8945669 5.6095669 5.0205512 0 P 0
L 5.6095669 4.8945669 5.7355512 4.8945669 0 P 0
L 5.6095669 5.0205512 5.7355512 5.0205512 0 P 0
L 5.6182837 2.91 5.6576538 2.91 0 P 0
L 5.6266929 1.0433859 5.6266929 1.2166142 1 P 0
L 5.6266929 1.0433859 5.7133071 1.0433859 1 P 0
L 5.6266929 1.2166142 5.7133071 1.2166142 1 P 0
L 5.6379687 2.8903149 5.6379687 2.929685 0 P 0
L 5.6503149 1.13 5.689685 1.13 0 P 0
L 5.652874 4.957559 5.6922441 4.957559 0 P 0
L 5.6603149 5.485 5.699685 5.485 0 P 0
L 5.6620218 6.0016536 5.6620218 6.0197638 1 P 0
L 5.6620218 6.0197638 5.6643841 6.0197638 1 P 0
L 5.6620218 6.1087402 5.6620218 6.1268504 1 P 0
L 5.6620218 6.1087402 5.6643841 6.1087402 1 P 0
L 5.6643841 6.0197638 5.6643841 6.1087402 1 P 0
L 5.67 1.110315 5.67 1.1496851 0 P 0
L 5.6725591 4.937874 5.6725591 4.9772441 0 P 0
L 5.68 5.4653149 5.68 5.504685 0 P 0
L 5.7133071 1.0433859 5.7133071 1.2166142 1 P 0
L 5.7285433 5.6347638 5.7285433 5.8552362 1 P 0
L 5.7355512 4.8945669 5.7355512 5.0205512 0 P 0
L 5.7457402 2.0919291 5.7457402 2.5700787 0 P 0
L 5.7533858 4.8916929 5.7533858 4.9783071 1 P 0
L 5.7533858 4.8916929 5.9266141 4.8916929 1 P 0
L 5.7533858 4.9783071 5.9266141 4.9783071 1 P 0
L 5.7533858 4.9966929 5.7533858 5.0833071 1 P 0
L 5.7533858 4.9966929 5.9266141 4.9966929 1 P 0
L 5.7533858 5.0833071 5.9266141 5.0833071 1 P 0
L 5.7664567 5.6347638 5.7664567 5.8552362 1 P 0
L 5.7664567 5.6347638 6.0735433 5.6347638 1 P 0
L 5.7664567 5.8552362 6.0735433 5.8552362 1 P 0
L 5.8033231 2.7564567 5.8033231 3.0635433 1 P 0
L 5.8133071 2.0919291 5.8133071 2.5700787 0 P 0
L 5.8133071 2.0919291 6.2266929 2.0919291 0 P 0
L 5.8133071 2.5700787 6.2266929 2.5700787 0 P 0
L 5.8203149 4.935 5.859685 4.935 0 P 0
L 5.8203149 5.04 5.859685 5.04 0 P 0
L 5.8335433 5.3196456 5.8335433 5.6503543 1 P 0
L 5.8366929 1.7133858 5.8366929 1.8866141 1 P 0
L 5.8366929 1.7133858 5.9233071 1.7133858 1 P 0
L 5.8366929 1.8866141 5.9233071 1.8866141 1 P 0
L 5.84 4.9153149 5.84 4.954685 0 P 0
L 5.84 5.0203149 5.84 5.059685 0 P 0
L 5.8418319 1.3733858 5.8418319 1.5466141 1 P 0
L 5.8418319 1.3733858 5.9284461 1.3733858 1 P 0
L 5.8418319 1.5466141 5.9284461 1.5466141 1 P 0
L 5.8603149 1.8 5.899685 1.8 0 P 0
L 5.8654539 1.46 5.904824 1.46 0 P 0
L 5.8679528 6.3023798 5.8679528 6.4511986 1 P 0
L 5.8679528 6.3023798 5.886063 6.3023798 1 P 0
L 5.8679528 6.4511986 5.886063 6.4511986 1 P 0
L 5.8724883 3.3216931 5.8724883 3.4083073 1 P 0
L 5.8724883 3.3216931 6.0457166 3.3216931 1 P 0
L 5.8724883 3.4083073 6.0457166 3.4083073 1 P 0
L 5.8724883 3.4250264 5.8724883 3.5116406 1 P 0
L 5.8724883 3.4250264 6.0457166 3.4250264 1 P 0
L 5.8724883 3.5116406 6.0457166 3.5116406 1 P 0
L 5.8724883 3.5283597 5.8724883 3.6149739 1 P 0
L 5.8724883 3.5283597 6.0457166 3.5283597 1 P 0
L 5.8724883 3.6149739 6.0457166 3.6149739 1 P 0
L 5.8724883 3.631693 5.8724883 3.7183072 1 P 0
L 5.8724883 3.631693 6.0457166 3.631693 1 P 0
L 5.8724883 3.7183072 6.0457166 3.7183072 1 P 0
L 5.88 1.7803149 5.88 1.819685 0 P 0
L 5.885139 1.4403149 5.885139 1.479685 0 P 0
L 5.886063 6.3000175 5.886063 6.3023798 1 P 0
L 5.886063 6.3000175 5.9750394 6.3000175 1 P 0
L 5.886063 6.4511986 5.886063 6.4535609 1 P 0
L 5.886063 6.4535609 5.9750394 6.4535609 1 P 0
L 5.900315 5.745 5.9396851 5.745 0 P 0
L 5.92 5.7253149 5.92 5.764685 0 P 0
L 5.9233071 1.7133858 5.9233071 1.8866141 1 P 0
L 5.9266141 4.8916929 5.9266141 4.9783071 1 P 0
L 5.9266141 4.9966929 5.9266141 5.0833071 1 P 0
L 5.9284461 1.3733858 5.9284461 1.5466141 1 P 0
L 5.9394174 3.3650002 5.9787875 3.3650002 0 P 0
L 5.9394174 3.4683335 5.9787875 3.4683335 0 P 0
L 5.9394174 3.5716668 5.9787875 3.5716668 0 P 0
L 5.9394174 3.6750001 5.9787875 3.6750001 0 P 0
L 5.9552178 1.3733858 5.9552178 1.5466141 1 P 0
L 5.9552178 1.3733858 6.041832 1.3733858 1 P 0
L 5.9552178 1.5466141 6.041832 1.5466141 1 P 0
L 5.9591025 3.3453151 5.9591025 3.3846852 0 P 0
L 5.9591025 3.4486484 5.9591025 3.4880185 0 P 0
L 5.9591025 3.5519817 5.9591025 3.5913518 0 P 0
L 5.9591025 3.655315 5.9591025 3.6946851 0 P 0
L 5.9613595 1.7133858 5.9613595 1.8866141 1 P 0
L 5.9613595 1.7133858 6.0479737 1.7133858 1 P 0
L 5.9613595 1.8866141 6.0479737 1.8866141 1 P 0
L 5.9614567 5.3196456 5.9614567 5.6503543 1 P 0
L 5.9614567 5.3196456 6.2685433 5.3196456 1 P 0
L 5.9614567 5.6503543 6.2685433 5.6503543 1 P 0
L 5.9750394 6.3000175 5.9750394 6.3023798 1 P 0
L 5.9750394 6.3023798 5.9931496 6.3023798 1 P 0
L 5.9750394 6.4511986 5.9750394 6.4535609 1 P 0
L 5.9750394 6.4511986 5.9931496 6.4511986 1 P 0
L 5.9788398 1.46 6.0182099 1.46 0 P 0
L 5.9849815 1.8 6.0243516 1.8 0 P 0
L 5.9931496 6.3023798 5.9931496 6.4511986 1 P 0
L 5.9985249 1.4403149 5.9985249 1.479685 0 P 0
L 6.000315 2.4224409 6.039685 2.4224409 0 P 0
L 6.0046666 1.7803149 6.0046666 1.819685 0 P 0
L 6.0154725 1.9668504 6.0154725 2.0731497 1 P 0
L 6.0154725 1.9668504 6.0745276 1.9668504 1 P 0
L 6.0154725 2.0731497 6.0745276 2.0731497 1 P 0
L 6.02 2.4027559 6.02 2.442126 0 P 0
L 6.025315 2.02 6.0646851 2.02 0 P 0
L 6.041832 1.3733858 6.041832 1.5466141 1 P 0
L 6.045 2.000315 6.045 2.0396851 0 P 0
L 6.0457166 3.3216931 6.0457166 3.4083073 1 P 0
L 6.0457166 3.4250264 6.0457166 3.5116406 1 P 0
L 6.0457166 3.5283597 6.0457166 3.6149739 1 P 0
L 6.0457166 3.631693 6.0457166 3.7183072 1 P 0
L 6.0479737 1.7133858 6.0479737 1.8866141 1 P 0
L 6.0654725 1.9668504 6.0654725 2.0731497 1 P 0
L 6.0654725 1.9668504 6.1245276 1.9668504 1 P 0
L 6.0654725 2.0731497 6.1245276 2.0731497 1 P 0
L 6.0735433 5.6347638 6.0735433 5.8552362 1 P 0
L 6.0745276 1.9668504 6.0745276 2.0731497 1 P 0
L 6.075315 2.02 6.1146851 2.02 0 P 0
L 6.095 2.000315 6.095 2.0396851 0 P 0
L 6.0953149 5.485 6.134685 5.485 0 P 0
L 6.1114567 5.6347638 6.1114567 5.8552362 1 P 0
L 6.1114567 5.6347638 6.4185433 5.6347638 1 P 0
L 6.1114567 5.8552362 6.4185433 5.8552362 1 P 0
L 6.115 5.4653149 6.115 5.504685 0 P 0
L 6.1245276 1.9668504 6.1245276 2.0731497 1 P 0
L 6.2266929 2.0919291 6.2266929 2.5700787 0 P 0
L 6.2396929 6.7824409 6.2396929 6.9556692 1 P 0
L 6.2396929 6.7824409 6.3263071 6.7824409 1 P 0
L 6.2396929 6.9556692 6.3263071 6.9556692 1 P 0
L 6.245315 5.745 6.2846851 5.745 0 P 0
L 6.263315 6.8690551 6.3026851 6.8690551 0 P 0
L 6.2647243 1.5204725 6.2647243 1.5795276 1 P 0
L 6.2647243 1.5204725 6.3710236 1.5204725 1 P 0
L 6.2647243 1.5795276 6.3710236 1.5795276 1 P 0
L 6.265 5.7253149 6.265 5.764685 0 P 0
L 6.2650315 1.4624725 6.2650315 1.5215276 1 P 0
L 6.2650315 1.4624725 6.3713308 1.4624725 1 P 0
L 6.2650315 1.5215276 6.3713308 1.5215276 1 P 0
L 6.2685433 5.3196456 6.2685433 5.6503543 1 P 0
L 6.283 6.84937 6.283 6.8887401 0 P 0
L 6.2864883 2.0919291 6.2864883 2.5700787 0 P 0
L 6.2864883 2.0919291 6.6998741 2.0919291 0 P 0
L 6.2864883 2.5700787 6.6998741 2.5700787 0 P 0
L 6.2981889 1.55 6.337559 1.55 0 P 0
L 6.2984961 1.492 6.3378662 1.492 0 P 0
L 6.317874 1.530315 6.317874 1.5696851 0 P 0
L 6.3181812 1.472315 6.3181812 1.5116851 0 P 0
L 6.3263071 6.7824409 6.3263071 6.9556692 1 P 0
L 6.3669291 3.6843307 6.3669291 3.9756693 1 P 0
L 6.3669291 3.6843307 6.7330709 3.6843307 1 P 0
L 6.3669291 3.9756693 6.7330709 3.9756693 1 P 0
L 6.3669291 4.0143307 6.3669291 4.3056693 1 P 0
L 6.3669291 4.0143307 6.7330709 4.0143307 1 P 0
L 6.3669291 4.3056693 6.7330709 4.3056693 1 P 0
L 6.3669291 4.3493307 6.3669291 4.6406693 1 P 0
L 6.3669291 4.3493307 6.7330709 4.3493307 1 P 0
L 6.3669291 4.6406693 6.7330709 4.6406693 1 P 0
L 6.3669291 4.6793307 6.3669291 4.9706693 1 P 0
L 6.3669291 4.6793307 6.7330709 4.6793307 1 P 0
L 6.3669291 4.9706693 6.7330709 4.9706693 1 P 0
L 6.3710236 1.5204725 6.3710236 1.5795276 1 P 0
L 6.3713308 1.4624725 6.3713308 1.5215276 1 P 0
L 6.3733831 1.4154725 6.3733831 1.4745276 1 P 0
L 6.3733831 1.4154725 6.4796824 1.4154725 1 P 0
L 6.3733831 1.4745276 6.4796824 1.4745276 1 P 0
L 6.3796457 2.9114567 6.3796457 3.2185433 1 P 0
L 6.3796457 2.9114567 6.7103544 2.9114567 1 P 0
L 6.3796457 3.2185433 6.7103544 3.2185433 1 P 0
L 6.3886537 1.9685839 6.3886537 2.0748832 1 P 0
L 6.3886537 1.9685839 6.4477088 1.9685839 1 P 0
L 6.3886537 2.0748832 6.4477088 2.0748832 1 P 0
L 6.3964567 5.3196456 6.3964567 5.6503543 1 P 0
L 6.3964567 5.3196456 6.7035433 5.3196456 1 P 0
L 6.3964567 5.6503543 6.7035433 5.6503543 1 P 0
L 6.3984962 2.0217335 6.4378663 2.0217335 0 P 0
L 6.4068477 1.445 6.4462178 1.445 0 P 0
L 6.4181812 2.0020485 6.4181812 2.0414186 0 P 0
L 6.4185433 5.6347638 6.4185433 5.8552362 1 P 0
L 6.4265328 1.425315 6.4265328 1.4646851 0 P 0
L 6.4470053 1.9668504 6.4470053 2.0731497 1 P 0
L 6.4470053 1.9668504 6.5060604 1.9668504 1 P 0
L 6.4470053 2.0731497 6.5060604 2.0731497 1 P 0
L 6.4477088 1.9685839 6.4477088 2.0748832 1 P 0
L 6.4497402 2.1480473 6.4497402 2.4551339 1 P 0
L 6.4497402 2.1480473 6.6702126 2.1480473 1 P 0
L 6.4497402 2.4551339 6.6702126 2.4551339 1 P 0
L 6.4497402 2.4908426 6.4497402 2.7979292 1 P 0
L 6.4497402 2.4908426 6.6702126 2.4908426 1 P 0
L 6.4497402 2.7979292 6.6702126 2.7979292 1 P 0
L 6.4564567 5.6347638 6.4564567 5.8552362 1 P 0
L 6.4564567 5.6347638 6.7635433 5.6347638 1 P 0
L 6.4564567 5.8552362 6.7635433 5.8552362 1 P 0
L 6.4568478 2.02 6.4962179 2.02 0 P 0
L 6.4734962 2.4224409 6.5128662 2.4224409 0 P 0
L 6.4765328 2.000315 6.4765328 2.0396851 0 P 0
L 6.4796824 1.4154725 6.4796824 1.4745276 1 P 0
L 6.4931812 2.4027559 6.4931812 2.442126 0 P 0
L 6.5060604 1.9668504 6.5060604 2.0731497 1 P 0
L 6.5176537 1.9668504 6.5176537 2.0731497 1 P 0
L 6.5176537 1.9668504 6.5767088 1.9668504 1 P 0
L 6.5176537 2.0731497 6.5767088 2.0731497 1 P 0
L 6.525315 3.065 6.5646851 3.065 0 P 0
L 6.5274962 2.02 6.5668663 2.02 0 P 0
L 6.5300315 1.0704922 6.5300315 1.1295473 1 P 0
L 6.5300315 1.0704922 6.6363308 1.0704922 1 P 0
L 6.5300315 1.1295473 6.6363308 1.1295473 1 P 0
L 6.5300315 1.1304725 6.5300315 1.1895276 1 P 0
L 6.5300315 1.1304725 6.6363308 1.1304725 1 P 0
L 6.5300315 1.1895276 6.5300315 1.2485827 1 P 0
L 6.5300315 1.1895276 6.6363308 1.1895276 1 P 0
L 6.5300315 1.1895276 6.6363308 1.1895276 1 P 0
L 6.5300315 1.2485827 6.6363308 1.2485827 1 P 0
L 6.5303149 5.485 6.569685 5.485 0 P 0
L 6.530315 3.83 6.569685 3.83 0 P 0
L 6.530315 4.16 6.569685 4.16 0 P 0
L 6.530315 4.495 6.569685 4.495 0 P 0
L 6.530315 4.825 6.569685 4.825 0 P 0
L 6.5309606 6.7658684 6.5309606 6.8548448 1 P 0
L 6.5309606 6.7658684 6.5333229 6.7658684 1 P 0
L 6.5309606 6.8548448 6.5333229 6.8548448 1 P 0
L 6.5333229 6.7477582 6.5333229 6.7658684 1 P 0
L 6.5333229 6.7477582 6.6821417 6.7477582 1 P 0
L 6.5333229 6.8548448 6.5333229 6.872955 1 P 0
L 6.5333229 6.872955 6.6821417 6.872955 1 P 0
L 6.5402914 2.3015906 6.5796615 2.3015906 0 P 0
L 6.5402914 2.6443859 6.5796615 2.6443859 0 P 0
L 6.545 3.045315 6.545 3.0846851 0 P 0
L 6.5471812 2.000315 6.5471812 2.0396851 0 P 0
L 6.55 3.810315 6.55 3.8496851 0 P 0
L 6.55 4.140315 6.55 4.1796851 0 P 0
L 6.55 4.475315 6.55 4.5146851 0 P 0
L 6.55 4.805315 6.55 4.8446851 0 P 0
L 6.55 5.4653149 6.55 5.504685 0 P 0
L 6.5599764 2.2819056 6.5599764 2.3212757 0 P 0
L 6.5599764 2.6247009 6.5599764 2.664071 0 P 0
L 6.5634961 1.1000197 6.6028662 1.1000197 0 P 0
L 6.5634961 1.16 6.6028662 1.16 0 P 0
L 6.5634961 1.2190551 6.6028662 1.2190551 0 P 0
L 6.5767088 1.9668504 6.5767088 2.0731497 1 P 0
L 6.5831812 1.0803347 6.5831812 1.1197048 0 P 0
L 6.5831812 1.140315 6.5831812 1.1796851 0 P 0
L 6.5831812 1.1993701 6.5831812 1.2387402 0 P 0
L 6.5878503 2.0248426 6.5878503 2.0838977 1 P 0
L 6.5878503 2.0248426 6.6941496 2.0248426 1 P 0
L 6.5878503 2.0838977 6.6941496 2.0838977 1 P 0
L 6.590315 5.745 6.6296851 5.745 0 P 0
L 6.61 5.7253149 6.61 5.764685 0 P 0
L 6.6213149 2.0543701 6.660685 2.0543701 0 P 0
L 6.6363308 1.0704922 6.6363308 1.1295473 1 P 0
L 6.6363308 1.1304725 6.6363308 1.1895276 1 P 0
L 6.6363308 1.1895276 6.6363308 1.2485827 1 P 0
L 6.641 2.0346851 6.641 2.0740552 0 P 0
L 6.6702126 2.1480473 6.6702126 2.4551339 1 P 0
L 6.6702126 2.4908426 6.6702126 2.7979292 1 P 0
L 6.6821417 6.7477582 6.6821417 6.7658684 1 P 0
L 6.6821417 6.7658684 6.684504 6.7658684 1 P 0
L 6.6821417 6.8548448 6.6821417 6.872955 1 P 0
L 6.6821417 6.8548448 6.684504 6.8548448 1 P 0
L 6.684504 6.7658684 6.684504 6.8548448 1 P 0
L 6.6941496 2.0248426 6.6941496 2.0838977 1 P 0
L 6.6998741 2.0919291 6.6998741 2.5700787 0 P 0
L 6.7035433 5.3196456 6.7035433 5.6503543 1 P 0
L 6.7103544 2.9114567 6.7103544 3.2185433 1 P 0
L 6.7330709 3.6843307 6.7330709 3.9756693 1 P 0
L 6.7330709 4.0143307 6.7330709 4.3056693 1 P 0
L 6.7330709 4.3493307 6.7330709 4.6406693 1 P 0
L 6.7330709 4.6793307 6.7330709 4.9706693 1 P 0
L 6.7635433 5.6347638 6.7635433 5.8552362 1 P 0
L 6.8314567 5.3196456 6.8314567 5.6503543 1 P 0
L 6.8314567 5.3196456 7.1385433 5.3196456 1 P 0
L 6.8314567 5.6503543 7.1385433 5.6503543 1 P 0
L 6.9653149 5.485 7.004685 5.485 0 P 0
L 6.985 5.4653149 6.985 5.504685 0 P 0
L 7.0266929 1.0333858 7.0266929 1.2066141 1 P 0
L 7.0266929 1.0333858 7.1133071 1.0333858 1 P 0
L 7.0266929 1.2066141 7.1133071 1.2066141 1 P 0
L 7.0266929 1.2233858 7.0266929 1.3966141 1 P 0
L 7.0266929 1.2233858 7.1133071 1.2233858 1 P 0
L 7.0266929 1.3966141 7.1133071 1.3966141 1 P 0
L 7.0266929 1.4333859 7.0266929 1.6066142 1 P 0
L 7.0266929 1.4333859 7.1133071 1.4333859 1 P 0
L 7.0266929 1.6066142 7.1133071 1.6066142 1 P 0
L 7.0266929 1.6233859 7.0266929 1.7966142 1 P 0
L 7.0266929 1.6233859 7.1133071 1.6233859 1 P 0
L 7.0266929 1.7966142 7.1133071 1.7966142 1 P 0
L 7.0503149 1.52 7.089685 1.52 0 P 0
L 7.0503149 1.71 7.089685 1.71 0 P 0
L 7.050315 1.12 7.0896851 1.12 0 P 0
L 7.050315 1.31 7.0896851 1.31 0 P 0
L 7.07 1.1003149 7.07 1.139685 0 P 0
L 7.07 1.2903149 7.07 1.329685 0 P 0
L 7.07 1.500315 7.07 1.5396851 0 P 0
L 7.07 1.690315 7.07 1.7296851 0 P 0
L 7.1133071 1.0333858 7.1133071 1.2066141 1 P 0
L 7.1133071 1.2233858 7.1133071 1.3966141 1 P 0
L 7.1133071 1.4333859 7.1133071 1.6066142 1 P 0
L 7.1133071 1.6233859 7.1133071 1.7966142 1 P 0
L 7.1385433 5.3196456 7.1385433 5.6503543 1 P 0
L 7.2266929 1.0333859 7.2266929 1.2066142 1 P 0
L 7.2266929 1.0333859 7.3133071 1.0333859 1 P 0
L 7.2266929 1.2066142 7.3133071 1.2066142 1 P 0
L 7.2503149 1.12 7.289685 1.12 0 P 0
L 7.27 1.100315 7.27 1.1396851 0 P 0
L 7.2866929 3.5666518 7.2866929 3.7398801 1 P 0
L 7.2866929 3.5666518 7.3733071 3.5666518 1 P 0
L 7.2866929 3.7398801 7.3733071 3.7398801 1 P 0
L 7.3103149 3.6532659 7.349685 3.6532659 0 P 0
L 7.3133071 1.0333859 7.3133071 1.2066142 1 P 0
L 7.33 3.6335809 7.33 3.672951 0 P 0
L 7.3409055 4.0017323 7.3409055 4.2182677 1 P 0
L 7.3409055 4.0017323 7.6322441 4.0017323 1 P 0
L 7.3409055 4.2182677 7.6322441 4.2182677 1 P 0
L 7.3409055 4.2400655 7.3409055 4.4566009 1 P 0
L 7.3409055 4.2400655 7.6322441 4.2400655 1 P 0
L 7.3409055 4.4566009 7.6322441 4.4566009 1 P 0
L 7.3409055 4.4783989 7.3409055 4.6949343 1 P 0
L 7.3409055 4.4783989 7.6322441 4.4783989 1 P 0
L 7.3409055 4.6949343 7.6322441 4.6949343 1 P 0
L 7.3409055 4.7167321 7.3409055 4.9332675 1 P 0
L 7.3409055 4.7167321 7.6322441 4.7167321 1 P 0
L 7.3409055 4.9332675 7.6322441 4.9332675 1 P 0
L 7.3733071 3.5666518 7.3733071 3.7398801 1 P 0
L 7.4346929 1.3833858 7.4346929 1.5566141 1 P 0
L 7.4346929 1.3833858 7.5213071 1.3833858 1 P 0
L 7.4346929 1.5566141 7.5213071 1.5566141 1 P 0
L 7.4583149 1.47 7.497685 1.47 0 P 0
L 7.4668897 4.11 7.5062598 4.11 0 P 0
L 7.4668897 4.3483332 7.5062598 4.3483332 0 P 0
L 7.4668897 4.5866666 7.5062598 4.5866666 0 P 0
L 7.4668897 4.8249998 7.5062598 4.8249998 0 P 0
L 7.478 1.4503149 7.478 1.489685 0 P 0
L 7.4865748 4.090315 7.4865748 4.129685 0 P 0
L 7.4865748 4.3286482 7.4865748 4.3680182 0 P 0
L 7.4865748 4.5669816 7.4865748 4.6063516 0 P 0
L 7.4865748 4.8053148 7.4865748 4.8446848 0 P 0
L 7.5213071 1.3833858 7.5213071 1.5566141 1 P 0
L 7.5333859 3.2366929 7.5333859 3.3233071 1 P 0
L 7.5333859 3.2366929 7.7066142 3.2366929 1 P 0
L 7.5333859 3.3233071 7.7066142 3.3233071 1 P 0
L 7.5566929 1.3833858 7.5566929 1.5566141 1 P 0
L 7.5566929 1.3833858 7.6433071 1.3833858 1 P 0
L 7.5566929 1.5566141 7.6433071 1.5566141 1 P 0
L 7.5803149 1.47 7.619685 1.47 0 P 0
L 7.6 1.4503149 7.6 1.489685 0 P 0
L 7.600315 3.28 7.6396851 3.28 0 P 0
L 7.62 3.260315 7.62 3.2996851 0 P 0
L 7.6322441 4.0017323 7.6322441 4.2182677 1 P 0
L 7.6322441 4.2400655 7.6322441 4.4566009 1 P 0
L 7.6322441 4.4783989 7.6322441 4.6949343 1 P 0
L 7.6322441 4.7167321 7.6322441 4.9332675 1 P 0
L 7.6433071 1.3833858 7.6433071 1.5566141 1 P 0
L 7.7066142 3.2366929 7.7066142 3.3233071 1 P 0
