#Layer_Color=16711935
#
#Feature symbol names
#
$0 r10
$1 r3.937
$2 r1

#
#Feature attribute names
#

#
#Layer features
#
A 4.1076666 4.1130725 4.1076666 4.1130725 3.8576666 4.1130725 0 P 0 N
A 4.6688112 4.1130725 4.6688112 4.1130725 4.4188112 4.1130725 0 P 0 N
A 5.2299558 4.1130724 5.2299558 4.1130724 4.9799558 4.1130724 0 P 0 N
L 0 0 0 5.25 2 P 0
L 0 0 17 0 2 P 0
L 0 5.25 17 5.25 2 P 0
L 14.5592212 1.245 14.5749692 1.245 1 P 0
L 14.5670952 1.237126 14.5670952 1.252874 1 P 0
L 14.722126 1.39 14.737874 1.39 1 P 0
L 14.73 1.382126 14.73 1.397874 1 P 0
L 14.8742835 1.245 14.8900315 1.245 1 P 0
L 14.8821575 1.237126 14.8821575 1.252874 1 P 0
L 15.037126 1.393 15.052874 1.393 1 P 0
L 15.045 1.385126 15.045 1.400874 1 P 0
L 15.192126 1.245 15.207874 1.245 1 P 0
L 15.2 1.237126 15.2 1.252874 1 P 0
L 15.347126 1.393 15.362874 1.393 1 P 0
L 15.355 1.385126 15.355 1.400874 1 P 0
L 15.507126 1.245 15.522874 1.245 1 P 0
L 15.515 1.237126 15.515 1.252874 1 P 0
L 15.667126 1.39 15.682874 1.39 1 P 0
L 15.675 1.382126 15.675 1.397874 1 P 0
L 15.822126 1.255 15.837874 1.255 1 P 0
L 15.83 1.247126 15.83 1.262874 1 P 0
L 15.9822835 1.39 15.9980315 1.39 1 P 0
L 15.9901575 1.382126 15.9901575 1.397874 1 P 0
L 16.1322835 1.25 16.1480315 1.25 1 P 0
L 16.1401575 1.242126 16.1401575 1.257874 1 P 0
L 16.287126 1.395 16.302874 1.395 1 P 0
L 16.295 1.387126 16.295 1.402874 1 P 0
L 16.442126 1.252 16.457874 1.252 1 P 0
L 16.45 1.244126 16.45 1.259874 1 P 0
L 16.582126 1.39 16.597874 1.39 1 P 0
L 16.59 1.382126 16.59 1.397874 1 P 0
L 16.7322835 1.2552283 16.7480315 1.2552283 1 P 0
L 16.7401575 1.2473543 16.7401575 1.2631023 1 P 0
L 16.857126 1.3903867 16.872874 1.3903867 1 P 0
L 16.865 1.3825127 16.865 1.3982607 1 P 0
L 17 0 17 5.25 2 P 0
