#Layer_Color=16711935
#
#Feature symbol names
#
$0 r3.937
$1 r6
$2 r5

#
#Feature attribute names
#

#
#Layer features
#
A 1.1732677 2.465748 1.1732677 2.465748 1.1535827 2.465748 0 P 0 N
A 1.4200591 2.3931496 1.4200591 2.3931496 1.4003741 2.3931496 0 P 0 N
A 1.6332677 2.465748 1.6332677 2.465748 1.6135827 2.465748 0 P 0 N
A 1.9200591 2.3931496 1.9200591 2.3931496 1.9003741 2.3931496 0 P 0 N
A 2.0832677 2.465748 2.0832677 2.465748 2.0635827 2.465748 0 P 0 N
A 2.1266929 3.783937 2.1266929 3.783937 2.1070079 3.783937 0 P 0 N
A 2.422445 2.3931496 2.422445 2.3931496 2.40276 2.3931496 0 P 0 N
A 2.4611715 6.4462598 2.4611715 6.4462598 2.4454235 6.4462598 0 P 0 N
A 2.5529056 2.465748 2.5529056 2.465748 2.5332206 2.465748 0 P 0 N
A 2.9200591 2.3931496 2.9200591 2.3931496 2.9003741 2.3931496 0 P 0 N
A 3.0337246 2.465748 3.0337246 2.465748 3.0140396 2.465748 0 P 0 N
A 3.0719135 2.9631496 3.0719135 2.9631496 3.0522285 2.9631496 0 P 0 N
A 3.2226512 4.2483578 3.2226512 4.2483578 3.2029662 4.2483578 0 P 0 N
A 3.4955749 2.465748 3.4955749 2.465748 3.4758899 2.465748 0 P 0 N
A 3.5719135 2.9631496 3.5719135 2.9631496 3.5522285 2.9631496 0 P 0 N
A 3.9658583 2.465748 3.9658583 2.465748 3.9461733 2.465748 0 P 0 N
A 4.0719135 2.9631496 4.0719135 2.9631496 4.0522285 2.9631496 0 P 0 N
A 4.4490867 2.465748 4.4490867 2.465748 4.4294017 2.465748 0 P 0 N
A 4.5619135 2.9631496 4.5619135 2.9631496 4.5422285 2.9631496 0 P 0 N
A 4.8515354 5.8099606 4.8515354 5.8099606 4.8318504 5.8099606 0 P 0 N
A 4.9311339 2.465748 4.9311339 2.465748 4.9114489 2.465748 0 P 0 N
A 4.9641732 4.4048032 4.9641732 4.4048032 4.9444882 4.4048032 0 P 0 N
A 5.0519135 2.9631496 5.0519135 2.9631496 5.0322285 2.9631496 0 P 0 N
A 5.1965354 5.8099606 5.1965354 5.8099606 5.1768504 5.8099606 0 P 0 N
A 5.397315 2.465748 5.397315 2.465748 5.37763 2.465748 0 P 0 N
A 5.537575 2.9631496 5.537575 2.9631496 5.51789 2.9631496 0 P 0 N
A 5.5415354 5.8099606 5.5415354 5.8099606 5.5218504 5.8099606 0 P 0 N
A 5.7528346 5.6050787 5.7528346 5.6050787 5.7331496 5.6050787 0 P 0 N
A 5.8782677 2.465748 5.8782677 2.465748 5.8585827 2.465748 0 P 0 N
A 5.8865354 5.8099606 5.8865354 5.8099606 5.8668504 5.8099606 0 P 0 N
A 6.1878346 5.6050787 6.1878346 5.6050787 6.1681496 5.6050787 0 P 0 N
A 6.2315354 5.8099606 6.2315354 5.8099606 6.2118504 5.8099606 0 P 0 N
A 6.3514489 2.465748 6.3514489 2.465748 6.3317639 2.465748 0 P 0 N
A 6.4338582 3.8733071 6.4338582 3.8733071 6.4141732 3.8733071 0 P 0 N
A 6.4338582 4.2033071 6.4338582 4.2033071 6.4141732 4.2033071 0 P 0 N
A 6.4338582 4.5383071 6.4338582 4.5383071 6.4141732 4.5383071 0 P 0 N
A 6.4338582 4.8683071 6.4338582 4.8683071 6.4141732 4.8683071 0 P 0 N
A 6.4446063 3.0118504 6.4446063 3.0118504 6.4249213 3.0118504 0 P 0 N
A 6.5147008 2.248441 6.5147008 2.248441 6.4950158 2.248441 0 P 0 N
A 6.5147008 2.5912363 6.5147008 2.5912363 6.4950158 2.5912363 0 P 0 N
A 6.5765354 5.8099606 6.5765354 5.8099606 6.5568504 5.8099606 0 P 0 N
A 6.6228346 5.6050787 6.6228346 5.6050787 6.6031496 5.6050787 0 P 0 N
A 7.0578346 5.6050787 7.0578346 5.6050787 7.0381496 5.6050787 0 P 0 N
A 7.4629527 4.0470079 7.4629527 4.0470079 7.4432677 4.0470079 0 P 0 N
A 7.4629527 4.2853411 7.4629527 4.2853411 7.4432677 4.2853411 0 P 0 N
A 7.4629527 4.5236745 7.4629527 4.5236745 7.4432677 4.5236745 0 P 0 N
A 7.4629527 4.7620077 7.4629527 4.7620077 7.4432677 4.7620077 0 P 0 N
L 1.0634646 1.3903627 1.0634646 1.516347 0 P 0
L 1.0634646 1.3903627 1.1303937 1.3903627 0 P 0
L 1.0634646 1.516347 1.1303937 1.516347 0 P 0
L 1.1181496 2.1669291 1.1181496 2.5011811 0 P 0
L 1.1181496 2.1669291 1.5118504 2.1669291 0 P 0
L 1.1181496 2.5011811 1.5118504 2.5011811 0 P 0
L 1.1247836 2.2514173 1.1247836 2.4285827 0 P 0
L 1.1247836 2.2514173 1.4358072 2.2514173 0 P 0
L 1.1247836 2.4285827 1.4358072 2.4285827 0 P 0
L 1.1303937 1.3903627 1.1303937 1.516347 0 P 0
L 1.1379211 4.8865354 1.1379211 4.9534645 0 P 0
L 1.1379211 4.8865354 1.2639054 4.8865354 0 P 0
L 1.1379211 4.9534645 1.2639054 4.9534645 0 P 0
L 1.1868308 1.3903627 1.1868308 1.516347 0 P 0
L 1.1868308 1.3903627 1.2537599 1.3903627 0 P 0
L 1.1868308 1.516347 1.2537599 1.516347 0 P 0
L 1.2537599 1.3903627 1.2537599 1.516347 0 P 0
L 1.2639054 4.8865354 1.2639054 4.9534645 0 P 0
L 1.3270078 6.4165354 1.3270078 6.4834645 0 P 0
L 1.3270078 6.4165354 1.4529921 6.4165354 0 P 0
L 1.3270078 6.4834645 1.4529921 6.4834645 0 P 0
L 1.3270078 6.5165354 1.3270078 6.5834645 0 P 0
L 1.3270078 6.5165354 1.4529921 6.5165354 0 P 0
L 1.3270078 6.5834645 1.4529921 6.5834645 0 P 0
L 1.3355118 3.6365354 1.3355118 3.7034646 0 P 0
L 1.3355118 3.6365354 1.457559 3.6365354 0 P 0
L 1.3355118 3.7034646 1.457559 3.7034646 0 P 0
L 1.4358072 2.2514173 1.4358072 2.4285827 0 P 0
L 1.4529921 6.4165354 1.4529921 6.4834645 0 P 0
L 1.4529921 6.5165354 1.4529921 6.5834645 0 P 0
L 1.457559 3.6365354 1.457559 3.7034646 0 P 0
L 1.5118504 2.1669291 1.5118504 2.5011811 0 P 0
L 1.5434252 3.066693 1.5434252 3.1533071 0 P 0
L 1.5434252 3.066693 1.5965748 3.066693 0 P 0
L 1.5434252 3.1533071 1.5965748 3.1533071 0 P 0
L 1.5781496 2.1669291 1.5781496 2.5011811 0 P 0
L 1.5781496 2.1669291 1.9718504 2.1669291 0 P 0
L 1.5781496 2.5011811 1.9718504 2.5011811 0 P 0
L 1.5965748 3.066693 1.5965748 3.1533071 0 P 0
L 1.6247836 2.2514173 1.6247836 2.4285827 0 P 0
L 1.6247836 2.2514173 1.9358072 2.2514173 0 P 0
L 1.6247836 2.4285827 1.9358072 2.4285827 0 P 0
L 1.6466929 3.6134252 1.6466929 3.6665748 0 P 0
L 1.6466929 3.6134252 1.733307 3.6134252 0 P 0
L 1.6466929 3.6665748 1.733307 3.6665748 0 P 0
L 1.6895669 1.4429424 1.6895669 1.4823125 0 P 0
L 1.6895669 1.4429424 1.760433 1.4429424 0 P 0
L 1.6895669 1.4823125 1.760433 1.4823125 0 P 0
L 1.710315 1.684567 1.710315 1.7554331 0 P 0
L 1.710315 1.684567 1.7496851 1.684567 0 P 0
L 1.710315 1.7554331 1.7496851 1.7554331 0 P 0
L 1.7234252 3.066693 1.7234252 3.1533071 0 P 0
L 1.7234252 3.066693 1.7765748 3.066693 0 P 0
L 1.7234252 3.1533071 1.7765748 3.1533071 0 P 0
L 1.733307 3.6134252 1.733307 3.6665748 0 P 0
L 1.7496851 1.684567 1.7496851 1.7554331 0 P 0
L 1.760433 1.4429424 1.760433 1.4823125 0 P 0
L 1.763315 1.8860433 1.763315 1.9569094 0 P 0
L 1.763315 1.8860433 1.8026851 1.8860433 0 P 0
L 1.763315 1.9569094 1.8026851 1.9569094 0 P 0
L 1.7765748 3.066693 1.7765748 3.1533071 0 P 0
L 1.8026851 1.8860433 1.8026851 1.9569094 0 P 0
L 1.8825669 1.0262599 1.8825669 1.06563 0 P 0
L 1.8825669 1.0262599 1.953433 1.0262599 0 P 0
L 1.8825669 1.06563 1.953433 1.06563 0 P 0
L 1.8825669 1.0962599 1.8825669 1.13563 0 P 0
L 1.8825669 1.0962599 1.953433 1.0962599 0 P 0
L 1.8825669 1.13563 1.953433 1.13563 0 P 0
L 1.8825669 1.1662599 1.8825669 1.20563 0 P 0
L 1.8825669 1.1662599 1.953433 1.1662599 0 P 0
L 1.8825669 1.20563 1.953433 1.20563 0 P 0
L 1.8825669 1.2362599 1.8825669 1.27563 0 P 0
L 1.8825669 1.2362599 1.953433 1.2362599 0 P 0
L 1.8825669 1.27563 1.953433 1.27563 0 P 0
L 1.9358072 2.2514173 1.9358072 2.4285827 0 P 0
L 1.953433 1.0262599 1.953433 1.06563 0 P 0
L 1.953433 1.0962599 1.953433 1.13563 0 P 0
L 1.953433 1.1662599 1.953433 1.20563 0 P 0
L 1.953433 1.2362599 1.953433 1.27563 0 P 0
L 1.9718504 2.1669291 1.9718504 2.5011811 0 P 0
L 2.0281496 2.1669291 2.0281496 2.5011811 0 P 0
L 2.0281496 2.1669291 2.4218504 2.1669291 0 P 0
L 2.0281496 2.5011811 2.4218504 2.5011811 0 P 0
L 2.0283937 4.8815355 2.0283937 4.9484646 0 P 0
L 2.0283937 4.8815355 2.154378 4.8815355 0 P 0
L 2.0283937 4.9484646 2.154378 4.9484646 0 P 0
L 2.0715748 3.7485039 2.0715748 3.9059842 0 P 0
L 2.0715748 3.7485039 2.2684252 3.7485039 0 P 0
L 2.0715748 3.9059842 2.2684252 3.9059842 0 P 0
L 2.1271695 2.2514173 2.1271695 2.4285827 0 P 0
L 2.1271695 2.2514173 2.4381931 2.2514173 0 P 0
L 2.1271695 2.4285827 2.4381931 2.4285827 0 P 0
L 2.1456876 1.934567 2.1456876 2.0054331 0 P 0
L 2.1456876 1.934567 2.1850577 1.934567 0 P 0
L 2.1456876 2.0054331 2.1850577 2.0054331 0 P 0
L 2.146063 3.5433071 2.146063 3.6574803 0 P 0
L 2.146063 3.5433071 2.2090551 3.5433071 0 P 0
L 2.146063 3.6574803 2.2090551 3.6574803 0 P 0
L 2.154378 4.8815355 2.154378 4.9484646 0 P 0
L 2.1850577 1.934567 2.1850577 2.0054331 0 P 0
L 2.1965355 1.0570078 2.1965355 1.1829921 0 P 0
L 2.1965355 1.0570078 2.2634646 1.0570078 0 P 0
L 2.1965355 1.1829921 2.2634646 1.1829921 0 P 0
L 2.2029989 1.9663122 2.2029989 2.0371783 0 P 0
L 2.2029989 1.9663122 2.242369 1.9663122 0 P 0
L 2.2029989 2.0371783 2.242369 2.0371783 0 P 0
L 2.2090551 3.5433071 2.2090551 3.6574803 0 P 0
L 2.222874 3.8688697 2.222874 3.9357988 0 P 0
L 2.222874 3.8688697 2.3488583 3.8688697 0 P 0
L 2.222874 3.9357988 2.3488583 3.9357988 0 P 0
L 2.2365354 1.2770079 2.2365354 1.4029922 0 P 0
L 2.2365354 1.2770079 2.3034645 1.2770079 0 P 0
L 2.2365354 1.4029922 2.3034645 1.4029922 0 P 0
L 2.2365354 1.4670079 2.2365354 1.5929922 0 P 0
L 2.2365354 1.4670079 2.3034645 1.4670079 0 P 0
L 2.2365354 1.5929922 2.3034645 1.5929922 0 P 0
L 2.242369 1.9663122 2.242369 2.0371783 0 P 0
L 2.2503149 1.6845669 2.2503149 1.755433 0 P 0
L 2.2503149 1.6845669 2.289685 1.6845669 0 P 0
L 2.2503149 1.755433 2.289685 1.755433 0 P 0
L 2.2596385 1.9663122 2.2596385 2.0371783 0 P 0
L 2.2596385 1.9663122 2.2990086 1.9663122 0 P 0
L 2.2596385 2.0371783 2.2990086 2.0371783 0 P 0
L 2.2634646 1.0570078 2.2634646 1.1829921 0 P 0
L 2.2684252 3.7485039 2.2684252 3.9059842 0 P 0
L 2.289685 1.6845669 2.289685 1.755433 0 P 0
L 2.2965354 1.0570079 2.2965354 1.1829922 0 P 0
L 2.2965354 1.0570079 2.3634645 1.0570079 0 P 0
L 2.2965354 1.1829922 2.3634645 1.1829922 0 P 0
L 2.2990086 1.9663122 2.2990086 2.0371783 0 P 0
L 2.3034645 1.2770079 2.3034645 1.4029922 0 P 0
L 2.3034645 1.4670079 2.3034645 1.5929922 0 P 0
L 2.318504 1.9663122 2.318504 2.0371783 0 P 0
L 2.318504 1.9663122 2.3578741 1.9663122 0 P 0
L 2.318504 2.0371783 2.3578741 2.0371783 0 P 0
L 2.3370079 2.9159055 2.3370079 2.9828346 0 P 0
L 2.3370079 2.9159055 2.4629922 2.9159055 0 P 0
L 2.3370079 2.9828346 2.4629922 2.9828346 0 P 0
L 2.3488583 3.8688697 2.3488583 3.9357988 0 P 0
L 2.3578741 1.9663122 2.3578741 2.0371783 0 P 0
L 2.3634645 1.0570079 2.3634645 1.1829922 0 P 0
L 2.3942424 6.3950787 2.3942424 6.4777559 0 P 0
L 2.3942424 6.3950787 2.4769195 6.3950787 0 P 0
L 2.3942424 6.4777559 2.4769195 6.4777559 0 P 0
L 2.4218504 2.1669291 2.4218504 2.5011811 0 P 0
L 2.4365354 1.0570079 2.4365354 1.1829922 0 P 0
L 2.4365354 1.0570079 2.5034645 1.0570079 0 P 0
L 2.4365354 1.1829922 2.5034645 1.1829922 0 P 0
L 2.4381931 2.2514173 2.4381931 2.4285827 0 P 0
L 2.4629922 2.9159055 2.4629922 2.9828346 0 P 0
L 2.4769195 6.3950787 2.4769195 6.4777559 0 P 0
L 2.4977875 2.1669291 2.4977875 2.5011811 0 P 0
L 2.4977875 2.1669291 2.8914883 2.1669291 0 P 0
L 2.4977875 2.5011811 2.8914883 2.5011811 0 P 0
L 2.5034645 1.0570079 2.5034645 1.1829922 0 P 0
L 2.6036244 3.2995421 2.6036244 5.1026909 1 P 0
L 2.6036244 3.2995421 2.839842 3.2995421 1 P 0
L 2.6036244 5.1026909 2.839842 5.1026909 1 P 0
L 2.6247836 2.2514173 2.6247836 2.4285827 0 P 0
L 2.6247836 2.2514173 2.9358072 2.2514173 0 P 0
L 2.6247836 2.4285827 2.9358072 2.4285827 0 P 0
L 2.6465354 1.4011417 2.6465354 1.527126 0 P 0
L 2.6465354 1.4011417 2.7134645 1.4011417 0 P 0
L 2.6465354 1.527126 2.7134645 1.527126 0 P 0
L 2.6465354 1.7370078 2.6465354 1.8629921 0 P 0
L 2.6465354 1.7370078 2.7134645 1.7370078 0 P 0
L 2.6465354 1.8629921 2.7134645 1.8629921 0 P 0
L 2.6655511 3.0227952 2.6655511 3.1428739 0 P 0
L 2.6655511 3.0227952 2.7344488 3.0227952 0 P 0
L 2.6655511 3.1428739 2.7344488 3.1428739 0 P 0
L 2.7134645 1.4011417 2.7134645 1.527126 0 P 0
L 2.7134645 1.7370078 2.7134645 1.8629921 0 P 0
L 2.7239764 6.8015354 2.7239764 6.8684646 0 P 0
L 2.7239764 6.8015354 2.8460236 6.8015354 0 P 0
L 2.7239764 6.8684646 2.8460236 6.8684646 0 P 0
L 2.7344488 3.0227952 2.7344488 3.1428739 0 P 0
L 2.7595354 1.3970078 2.7595354 1.5229921 0 P 0
L 2.7595354 1.3970078 2.8264645 1.3970078 0 P 0
L 2.7595354 1.5229921 2.8264645 1.5229921 0 P 0
L 2.7665354 1.7370078 2.7665354 1.8629921 0 P 0
L 2.7665354 1.7370078 2.8334645 1.7370078 0 P 0
L 2.7665354 1.8629921 2.8334645 1.8629921 0 P 0
L 2.8264645 1.3970078 2.8264645 1.5229921 0 P 0
L 2.8334645 1.7370078 2.8334645 1.8629921 0 P 0
L 2.839842 3.2995421 2.839842 5.1026909 1 P 0
L 2.8460236 6.8015354 2.8460236 6.8684646 0 P 0
L 2.8914883 2.1669291 2.8914883 2.5011811 0 P 0
L 2.9358072 2.2514173 2.9358072 2.4285827 0 P 0
L 2.9786065 2.1669291 2.9786065 2.5011811 0 P 0
L 2.9786065 2.1669291 3.3723073 2.1669291 0 P 0
L 2.9786065 2.5011811 3.3723073 2.5011811 0 P 0
L 3.0167954 2.8214173 3.0167954 2.9985827 0 P 0
L 3.0167954 2.8214173 3.327819 2.8214173 0 P 0
L 3.0167954 2.9985827 3.327819 2.9985827 0 P 0
L 3.0592653 3.3321066 3.0592653 3.4187207 0 P 0
L 3.0592653 3.3321066 3.1124149 3.3321066 0 P 0
L 3.0592653 3.4187207 3.1124149 3.4187207 0 P 0
L 3.0641551 1.9857087 3.0641551 2.0565748 0 P 0
L 3.0641551 1.9857087 3.1035252 1.9857087 0 P 0
L 3.0641551 2.0565748 3.1035252 2.0565748 0 P 0
L 3.080919 4.0869405 3.080919 4.2837909 0 P 0
L 3.080919 4.0869405 3.2383993 4.0869405 0 P 0
L 3.080919 4.2837909 3.2383993 4.2837909 0 P 0
L 3.1035252 1.9857087 3.1035252 2.0565748 0 P 0
L 3.1124149 3.3321066 3.1124149 3.4187207 0 P 0
L 3.1224203 1.9875676 3.1224203 2.0584337 0 P 0
L 3.1224203 1.9875676 3.1617904 1.9875676 0 P 0
L 3.1224203 2.0584337 3.1617904 2.0584337 0 P 0
L 3.1256537 1.530315 3.1256537 1.5696851 0 P 0
L 3.1256537 1.530315 3.1965198 1.530315 0 P 0
L 3.1256537 1.5696851 3.1965198 1.5696851 0 P 0
L 3.1617904 1.9875676 3.1617904 2.0584337 0 P 0
L 3.1689764 6.3115354 3.1689764 6.3784646 0 P 0
L 3.1689764 6.3115354 3.2910236 6.3115354 0 P 0
L 3.1689764 6.3784646 3.2910236 6.3784646 0 P 0
L 3.1807719 1.9875676 3.1807719 2.0584337 0 P 0
L 3.1807719 1.9875676 3.220142 1.9875676 0 P 0
L 3.1807719 2.0584337 3.220142 2.0584337 0 P 0
L 3.1865355 6.7470078 3.1865355 6.8729921 0 P 0
L 3.1865355 6.7470078 3.2534646 6.7470078 0 P 0
L 3.1865355 6.8729921 3.2534646 6.8729921 0 P 0
L 3.1965198 1.530315 3.1965198 1.5696851 0 P 0
L 3.220142 1.9875676 3.220142 2.0584337 0 P 0
L 3.2321442 2.6746022 3.2321442 2.7612163 0 P 0
L 3.2321442 2.6746022 3.2852938 2.6746022 0 P 0
L 3.2321442 2.7612163 3.2852938 2.7612163 0 P 0
L 3.2383993 4.0869405 3.2383993 4.2837909 0 P 0
L 3.2534646 6.7470078 3.2534646 6.8729921 0 P 0
L 3.2852938 2.6746022 3.2852938 2.7612163 0 P 0
L 3.2870078 1.8849987 3.2870078 1.9243688 0 P 0
L 3.2870078 1.8849987 3.3578739 1.8849987 0 P 0
L 3.2870078 1.9243688 3.3578739 1.9243688 0 P 0
L 3.2910236 6.3115354 3.2910236 6.3784646 0 P 0
L 3.3265355 6.5570078 3.3265355 6.6829921 0 P 0
L 3.3265355 6.5570078 3.3934646 6.5570078 0 P 0
L 3.3265355 6.6829921 3.3934646 6.6829921 0 P 0
L 3.327819 2.8214173 3.327819 2.9985827 0 P 0
L 3.3578739 1.8849987 3.3578739 1.9243688 0 P 0
L 3.3723073 2.1669291 3.3723073 2.5011811 0 P 0
L 3.3934646 6.5570078 3.3934646 6.6829921 0 P 0
L 3.4101614 3.2085057 3.4101614 3.4447233 1 P 0
L 3.4101614 3.2085057 5.2133102 3.2085057 1 P 0
L 3.4101614 3.4447233 5.2133102 3.4447233 1 P 0
L 3.4101614 4.9585057 3.4101614 5.1947233 1 P 0
L 3.4101614 4.9585057 5.2133102 4.9585057 1 P 0
L 3.4101614 5.1947233 5.2133102 5.1947233 1 P 0
L 3.4404568 2.1669291 3.4404568 2.5011811 0 P 0
L 3.4404568 2.1669291 3.8341576 2.1669291 0 P 0
L 3.4404568 2.5011811 3.8341576 2.5011811 0 P 0
L 3.457365 1.0862599 3.457365 1.12563 0 P 0
L 3.457365 1.0862599 3.5282311 1.0862599 0 P 0
L 3.457365 1.12563 3.5282311 1.12563 0 P 0
L 3.457365 1.1462599 3.457365 1.18563 0 P 0
L 3.457365 1.1462599 3.5282311 1.1462599 0 P 0
L 3.457365 1.18563 3.5282311 1.18563 0 P 0
L 3.457365 1.2062599 3.457365 1.24563 0 P 0
L 3.457365 1.2062599 3.5282311 1.2062599 0 P 0
L 3.457365 1.24563 3.5282311 1.24563 0 P 0
L 3.5167954 2.8214173 3.5167954 2.9985827 0 P 0
L 3.5167954 2.8214173 3.827819 2.8214173 0 P 0
L 3.5167954 2.9985827 3.827819 2.9985827 0 P 0
L 3.5274434 5.6539764 3.5274434 5.7760236 0 P 0
L 3.5274434 5.6539764 3.5825615 5.6539764 0 P 0
L 3.5274434 5.7760236 3.5825615 5.7760236 0 P 0
L 3.5282311 1.0862599 3.5282311 1.12563 0 P 0
L 3.5282311 1.1462599 3.5282311 1.18563 0 P 0
L 3.5282311 1.2062599 3.5282311 1.24563 0 P 0
L 3.5308112 2.0144931 3.5308112 2.0853592 0 P 0
L 3.5308112 2.0144931 3.5701813 2.0144931 0 P 0
L 3.5308112 2.0853592 3.5701813 2.0853592 0 P 0
L 3.5701813 2.0144931 3.5701813 2.0853592 0 P 0
L 3.5825615 5.6539764 3.5825615 5.7760236 0 P 0
L 3.5842706 2.0132678 3.5842706 2.0841339 0 P 0
L 3.5842706 2.0132678 3.6236407 2.0132678 0 P 0
L 3.5842706 2.0841339 3.6236407 2.0841339 0 P 0
L 3.6050866 4.2757133 3.6050866 4.5205952 0 P 0
L 3.6050866 4.2757133 3.8708346 4.2757133 0 P 0
L 3.6050866 4.5205952 3.8708346 4.5205952 0 P 0
L 3.6236407 2.0132678 3.6236407 2.0841339 0 P 0
L 3.6420079 4.0404355 3.6420079 4.1073646 0 P 0
L 3.6420079 4.0404355 3.7679922 4.0404355 0 P 0
L 3.6420079 4.1073646 3.7679922 4.1073646 0 P 0
L 3.7040631 2.0438504 3.7040631 2.0832205 0 P 0
L 3.7040631 2.0438504 3.7749292 2.0438504 0 P 0
L 3.7040631 2.0832205 3.7749292 2.0832205 0 P 0
L 3.7064184 1.9353149 3.7064184 1.974685 0 P 0
L 3.7064184 1.9353149 3.7772845 1.9353149 0 P 0
L 3.7064184 1.974685 3.7772845 1.974685 0 P 0
L 3.7679922 4.0404355 3.7679922 4.1073646 0 P 0
L 3.7749292 2.0438504 3.7749292 2.0832205 0 P 0
L 3.7772845 1.9353149 3.7772845 1.974685 0 P 0
L 3.827819 2.8214173 3.827819 2.9985827 0 P 0
L 3.8341576 2.1669291 3.8341576 2.5011811 0 P 0
L 3.8365354 1.4570079 3.8365354 1.5829922 0 P 0
L 3.8365354 1.4570079 3.9034645 1.4570079 0 P 0
L 3.8365354 1.5829922 3.9034645 1.5829922 0 P 0
L 3.8365354 1.6370079 3.8365354 1.7629922 0 P 0
L 3.8365354 1.6370079 3.9034645 1.6370079 0 P 0
L 3.8365354 1.7629922 3.9034645 1.7629922 0 P 0
L 3.8365355 1.0670078 3.8365355 1.1929921 0 P 0
L 3.8365355 1.0670078 3.9034646 1.0670078 0 P 0
L 3.8365355 1.1929921 3.9034646 1.1929921 0 P 0
L 3.8365355 1.2670078 3.8365355 1.3929921 0 P 0
L 3.8365355 1.2670078 3.9034646 1.2670078 0 P 0
L 3.8365355 1.3929921 3.9034646 1.3929921 0 P 0
L 3.8421653 5.6147244 3.8421653 5.8785039 0 P 0
L 3.8421653 5.6147244 3.9878346 5.6147244 0 P 0
L 3.8421653 5.8785039 3.9878346 5.8785039 0 P 0
L 3.8708346 4.2757133 3.8708346 4.5205952 0 P 0
L 3.9034645 1.4570079 3.9034645 1.5829922 0 P 0
L 3.9034645 1.6370079 3.9034645 1.7629922 0 P 0
L 3.9034646 1.0670078 3.9034646 1.1929921 0 P 0
L 3.9034646 1.2670078 3.9034646 1.3929921 0 P 0
L 3.9107402 2.1669291 3.9107402 2.5011811 0 P 0
L 3.9107402 2.1669291 4.304441 2.1669291 0 P 0
L 3.9107402 2.5011811 4.304441 2.5011811 0 P 0
L 3.9370078 3.9565354 3.9370078 4.0234645 0 P 0
L 3.9370078 3.9565354 4.0629921 3.9565354 0 P 0
L 3.9370078 4.0234645 4.0629921 4.0234645 0 P 0
L 3.9878346 5.6147244 3.9878346 5.8785039 0 P 0
L 4.0000866 4.2592543 4.0000866 4.5041362 0 P 0
L 4.0000866 4.2592543 4.2658346 4.2592543 0 P 0
L 4.0000866 4.5041362 4.2658346 4.5041362 0 P 0
L 4.0015354 5.8720079 4.0015354 5.9979922 0 P 0
L 4.0015354 5.8720079 4.0684645 5.8720079 0 P 0
L 4.0015354 5.9979922 4.0684645 5.9979922 0 P 0
L 4.0167954 2.8214173 4.0167954 2.9985827 0 P 0
L 4.0167954 2.8214173 4.327819 2.8214173 0 P 0
L 4.0167954 2.9985827 4.327819 2.9985827 0 P 0
L 4.0265354 1.0670079 4.0265354 1.1929922 0 P 0
L 4.0265354 1.0670079 4.0934645 1.0670079 0 P 0
L 4.0265354 1.1929922 4.0934645 1.1929922 0 P 0
L 4.0629921 3.9565354 4.0629921 4.0234645 0 P 0
L 4.0684645 5.8720079 4.0684645 5.9979922 0 P 0
L 4.0934645 1.0670079 4.0934645 1.1929922 0 P 0
L 4.2505905 1.3870078 4.2505905 1.5129921 0 P 0
L 4.2505905 1.3870078 4.3175196 1.3870078 0 P 0
L 4.2505905 1.5129921 4.3175196 1.5129921 0 P 0
L 4.2524803 1.7370078 4.2524803 1.8629921 0 P 0
L 4.2524803 1.7370078 4.3194094 1.7370078 0 P 0
L 4.2524803 1.8629921 4.3194094 1.8629921 0 P 0
L 4.2658346 4.2592543 4.2658346 4.5041362 0 P 0
L 4.304441 2.1669291 4.304441 2.5011811 0 P 0
L 4.3175196 1.3870078 4.3175196 1.5129921 0 P 0
L 4.3194094 1.7370078 4.3194094 1.8629921 0 P 0
L 4.327819 2.8214173 4.327819 2.9985827 0 P 0
L 4.3765354 1.7370078 4.3765354 1.8629921 0 P 0
L 4.3765354 1.7370078 4.4434645 1.7370078 0 P 0
L 4.3765354 1.8629921 4.4434645 1.8629921 0 P 0
L 4.3805905 1.3870078 4.3805905 1.5129921 0 P 0
L 4.3805905 1.3870078 4.4475196 1.3870078 0 P 0
L 4.3805905 1.5129921 4.4475196 1.5129921 0 P 0
L 4.3939686 2.1669291 4.3939686 2.5011811 0 P 0
L 4.3939686 2.1669291 4.7876694 2.1669291 0 P 0
L 4.3939686 2.5011811 4.7876694 2.5011811 0 P 0
L 4.4353477 5.5941338 4.4353477 5.716181 0 P 0
L 4.4353477 5.5941338 4.4904658 5.5941338 0 P 0
L 4.4353477 5.716181 4.4904658 5.716181 0 P 0
L 4.4434645 1.7370078 4.4434645 1.8629921 0 P 0
L 4.4475196 1.3870078 4.4475196 1.5129921 0 P 0
L 4.4882185 1.995441 4.4882185 2.0663071 0 P 0
L 4.4882185 1.995441 4.5275886 1.995441 0 P 0
L 4.4882185 2.0663071 4.5275886 2.0663071 0 P 0
L 4.4904658 5.5941338 4.4904658 5.716181 0 P 0
L 4.5067954 2.8214173 4.5067954 2.9985827 0 P 0
L 4.5067954 2.8214173 4.817819 2.8214173 0 P 0
L 4.5067954 2.9985827 4.817819 2.9985827 0 P 0
L 4.5275886 1.995441 4.5275886 2.0663071 0 P 0
L 4.5451813 1.995441 4.5451813 2.0663071 0 P 0
L 4.5451813 1.995441 4.5845514 1.995441 0 P 0
L 4.5451813 2.0663071 4.5845514 2.0663071 0 P 0
L 4.5845514 1.995441 4.5845514 2.0663071 0 P 0
L 4.6042364 1.995441 4.6042364 2.0663071 0 P 0
L 4.6042364 1.995441 4.6436065 1.995441 0 P 0
L 4.6042364 2.0663071 4.6436065 2.0663071 0 P 0
L 4.6436065 1.995441 4.6436065 2.0663071 0 P 0
L 4.6495355 6.8104563 4.6495355 6.9364406 0 P 0
L 4.6495355 6.8104563 4.7164646 6.8104563 0 P 0
L 4.6495355 6.9364406 4.7164646 6.9364406 0 P 0
L 4.6632915 1.995441 4.6632915 2.0663071 0 P 0
L 4.6632915 1.995441 4.7026616 1.995441 0 P 0
L 4.6632915 2.0663071 4.7026616 2.0663071 0 P 0
L 4.6670078 4.5665354 4.6670078 4.6334645 0 P 0
L 4.6670078 4.5665354 4.7929921 4.5665354 0 P 0
L 4.6670078 4.6334645 4.7929921 4.6334645 0 P 0
L 4.7026616 1.995441 4.7026616 2.0663071 0 P 0
L 4.7164646 6.8104563 4.7164646 6.9364406 0 P 0
L 4.7876694 2.1669291 4.7876694 2.5011811 0 P 0
L 4.7929921 4.5665354 4.7929921 4.6334645 0 P 0
L 4.7964173 5.6446063 4.7964173 5.8453937 0 P 0
L 4.7964173 5.6446063 4.9735827 5.6446063 0 P 0
L 4.7964173 5.8453937 4.9735827 5.8453937 0 P 0
L 4.817819 2.8214173 4.817819 2.9985827 0 P 0
L 4.8345669 1.4291444 4.8345669 1.4685145 0 P 0
L 4.8345669 1.4291444 4.905433 1.4291444 0 P 0
L 4.8345669 1.4685145 4.905433 1.4685145 0 P 0
L 4.8760158 2.1669291 4.8760158 2.5011811 0 P 0
L 4.8760158 2.1669291 5.2697166 2.1669291 0 P 0
L 4.8760158 2.5011811 5.2697166 2.5011811 0 P 0
L 4.905433 1.4291444 4.905433 1.4685145 0 P 0
L 4.9090551 4.1607087 4.9090551 4.4402363 0 P 0
L 4.9090551 4.1607087 5.2279528 4.1607087 0 P 0
L 4.9090551 4.4402363 5.2279528 4.4402363 0 P 0
L 4.9663702 2.0029606 4.9663702 2.0738267 0 P 0
L 4.9663702 2.0029606 5.0057403 2.0029606 0 P 0
L 4.9663702 2.0738267 5.0057403 2.0738267 0 P 0
L 4.9735827 5.6446063 4.9735827 5.8453937 0 P 0
L 4.9795669 1.065315 4.9795669 1.1046851 0 P 0
L 4.9795669 1.065315 5.050433 1.065315 0 P 0
L 4.9795669 1.1046851 5.050433 1.1046851 0 P 0
L 4.9795669 1.125315 4.9795669 1.1646851 0 P 0
L 4.9795669 1.125315 5.050433 1.125315 0 P 0
L 4.9795669 1.1646851 5.050433 1.1646851 0 P 0
L 4.9795669 1.185315 4.9795669 1.2246851 0 P 0
L 4.9795669 1.185315 5.050433 1.185315 0 P 0
L 4.9795669 1.2246851 5.050433 1.2246851 0 P 0
L 4.9967954 2.8214173 4.9967954 2.9985827 0 P 0
L 4.9967954 2.8214173 5.307819 2.8214173 0 P 0
L 4.9967954 2.9985827 5.307819 2.9985827 0 P 0
L 5.0057403 2.0029606 5.0057403 2.0738267 0 P 0
L 5.0282915 2.0029606 5.0282915 2.0738267 0 P 0
L 5.0282915 2.0029606 5.0676616 2.0029606 0 P 0
L 5.0282915 2.0738267 5.0676616 2.0738267 0 P 0
L 5.050433 1.065315 5.050433 1.1046851 0 P 0
L 5.050433 1.125315 5.050433 1.1646851 0 P 0
L 5.050433 1.185315 5.050433 1.2246851 0 P 0
L 5.0676616 2.0029606 5.0676616 2.0738267 0 P 0
L 5.0955669 1.975315 5.0955669 2.0146851 0 P 0
L 5.0955669 1.975315 5.166433 1.975315 0 P 0
L 5.0955669 2.0146851 5.166433 2.0146851 0 P 0
L 5.1405669 2.0410433 5.1405669 2.0804134 0 P 0
L 5.1405669 2.0410433 5.211433 2.0410433 0 P 0
L 5.1405669 2.0804134 5.211433 2.0804134 0 P 0
L 5.1414173 5.6446063 5.1414173 5.8453937 0 P 0
L 5.1414173 5.6446063 5.3185827 5.6446063 0 P 0
L 5.1414173 5.8453937 5.3185827 5.8453937 0 P 0
L 5.166433 1.975315 5.166433 2.0146851 0 P 0
L 5.211433 2.0410433 5.211433 2.0804134 0 P 0
L 5.2133102 3.2085057 5.2133102 3.4447233 1 P 0
L 5.2133102 4.9585057 5.2133102 5.1947233 1 P 0
L 5.2279528 4.1607087 5.2279528 4.4402363 0 P 0
L 5.2595908 3.9420078 5.2595908 4.0679921 0 P 0
L 5.2595908 3.9420078 5.3265199 3.9420078 0 P 0
L 5.2595908 4.0679921 5.3265199 4.0679921 0 P 0
L 5.2697166 2.1669291 5.2697166 2.5011811 0 P 0
L 5.307819 2.8214173 5.307819 2.9985827 0 P 0
L 5.3185827 5.6446063 5.3185827 5.8453937 0 P 0
L 5.3265199 3.9420078 5.3265199 4.0679921 0 P 0
L 5.3421969 2.1669291 5.3421969 2.5011811 0 P 0
L 5.3421969 2.1669291 5.7358977 2.1669291 0 P 0
L 5.3421969 2.5011811 5.7358977 2.5011811 0 P 0
L 5.3470079 4.5665355 5.3470079 4.6334646 0 P 0
L 5.3470079 4.5665355 5.4729922 4.5665355 0 P 0
L 5.3470079 4.6334646 5.4729922 4.6334646 0 P 0
L 5.4365354 1.4570079 5.4365354 1.5829922 0 P 0
L 5.4365354 1.4570079 5.5034645 1.4570079 0 P 0
L 5.4365354 1.5829922 5.5034645 1.5829922 0 P 0
L 5.4365354 1.6470079 5.4365354 1.7729922 0 P 0
L 5.4365354 1.6470079 5.5034645 1.6470079 0 P 0
L 5.4365354 1.7729922 5.5034645 1.7729922 0 P 0
L 5.4365355 1.0746063 5.4365355 1.2005906 0 P 0
L 5.4365355 1.0746063 5.5034646 1.0746063 0 P 0
L 5.4365355 1.2005906 5.5034646 1.2005906 0 P 0
L 5.4365355 1.2570078 5.4365355 1.3829921 0 P 0
L 5.4365355 1.2570078 5.5034646 1.2570078 0 P 0
L 5.4365355 1.3829921 5.5034646 1.3829921 0 P 0
L 5.4729922 4.5665355 5.4729922 4.6334646 0 P 0
L 5.4824569 2.8214173 5.4824569 2.9985827 0 P 0
L 5.4824569 2.8214173 5.7934805 2.8214173 0 P 0
L 5.4824569 2.9985827 5.7934805 2.9985827 0 P 0
L 5.4864173 5.6446063 5.4864173 5.8453937 0 P 0
L 5.4864173 5.6446063 5.6635827 5.6446063 0 P 0
L 5.4864173 5.8453937 5.6635827 5.8453937 0 P 0
L 5.5034645 1.4570079 5.5034645 1.5829922 0 P 0
L 5.5034645 1.6470079 5.5034645 1.7729922 0 P 0
L 5.5034646 1.0746063 5.5034646 1.2005906 0 P 0
L 5.5034646 1.2570078 5.5034646 1.3829921 0 P 0
L 5.5206833 6.0296063 5.5206833 6.0988977 2 P 0
L 5.5206833 6.0296063 5.6545415 6.0296063 2 P 0
L 5.5206833 6.0988977 5.6545415 6.0988977 2 P 0
L 5.5914173 5.3294882 5.5914173 5.6405118 0 P 0
L 5.5914173 5.3294882 5.7685827 5.3294882 0 P 0
L 5.5914173 5.6405118 5.7685827 5.6405118 0 P 0
L 5.6365354 1.0670079 5.6365354 1.1929922 0 P 0
L 5.6365354 1.0670079 5.7034645 1.0670079 0 P 0
L 5.6365354 1.1929922 5.7034645 1.1929922 0 P 0
L 5.645 4.8985039 5.645 5.0166141 0 P 0
L 5.645 4.8985039 5.7001181 4.8985039 0 P 0
L 5.645 5.0166141 5.7001181 5.0166141 0 P 0
L 5.6545415 6.0296063 5.6545415 6.0988977 2 P 0
L 5.6635827 5.6446063 5.6635827 5.8453937 0 P 0
L 5.7001181 4.8985039 5.7001181 5.0166141 0 P 0
L 5.7034645 1.0670079 5.7034645 1.1929922 0 P 0
L 5.7358977 2.1669291 5.7358977 2.5011811 0 P 0
L 5.7685827 5.3294882 5.7685827 5.6405118 0 P 0
L 5.7770078 4.9015354 5.7770078 4.9684645 0 P 0
L 5.7770078 4.9015354 5.9029921 4.9015354 0 P 0
L 5.7770078 4.9684645 5.9029921 4.9684645 0 P 0
L 5.7770078 5.0065354 5.7770078 5.0734645 0 P 0
L 5.7770078 5.0065354 5.9029921 5.0065354 0 P 0
L 5.7770078 5.0734645 5.9029921 5.0734645 0 P 0
L 5.7934805 2.8214173 5.7934805 2.9985827 0 P 0
L 5.8231496 2.1669291 5.8231496 2.5011811 0 P 0
L 5.8231496 2.1669291 6.2168504 2.1669291 0 P 0
L 5.8231496 2.5011811 6.2168504 2.5011811 0 P 0
L 5.8314173 5.6446063 5.8314173 5.8453937 0 P 0
L 5.8314173 5.6446063 6.0085827 5.6446063 0 P 0
L 5.8314173 5.8453937 6.0085827 5.8453937 0 P 0
L 5.8465354 1.7370078 5.8465354 1.8629921 0 P 0
L 5.8465354 1.7370078 5.9134645 1.7370078 0 P 0
L 5.8465354 1.8629921 5.9134645 1.8629921 0 P 0
L 5.8516744 1.3970078 5.8516744 1.5229921 0 P 0
L 5.8516744 1.3970078 5.9186035 1.3970078 0 P 0
L 5.8516744 1.5229921 5.9186035 1.5229921 0 P 0
L 5.8959055 6.3098601 5.8959055 6.4437183 2 P 0
L 5.8959055 6.3098601 5.9651969 6.3098601 2 P 0
L 5.8959055 6.4437183 5.9651969 6.4437183 2 P 0
L 5.8961103 3.3315356 5.8961103 3.3984647 0 P 0
L 5.8961103 3.3315356 6.0220946 3.3315356 0 P 0
L 5.8961103 3.3984647 6.0220946 3.3984647 0 P 0
L 5.8961103 3.4348689 5.8961103 3.501798 0 P 0
L 5.8961103 3.4348689 6.0220946 3.4348689 0 P 0
L 5.8961103 3.501798 6.0220946 3.501798 0 P 0
L 5.8961103 3.5382022 5.8961103 3.6051313 0 P 0
L 5.8961103 3.5382022 6.0220946 3.5382022 0 P 0
L 5.8961103 3.6051313 6.0220946 3.6051313 0 P 0
L 5.8961103 3.6415355 5.8961103 3.7084646 0 P 0
L 5.8961103 3.6415355 6.0220946 3.6415355 0 P 0
L 5.8961103 3.7084646 6.0220946 3.7084646 0 P 0
L 5.9029921 4.9015354 5.9029921 4.9684645 0 P 0
L 5.9029921 5.0065354 5.9029921 5.0734645 0 P 0
L 5.9134645 1.7370078 5.9134645 1.8629921 0 P 0
L 5.9186035 1.3970078 5.9186035 1.5229921 0 P 0
L 5.9650603 1.3970078 5.9650603 1.5229921 0 P 0
L 5.9650603 1.3970078 6.0319894 1.3970078 0 P 0
L 5.9650603 1.5229921 6.0319894 1.5229921 0 P 0
L 5.9651969 6.3098601 5.9651969 6.4437183 2 P 0
L 5.971202 1.7370078 5.971202 1.8629921 0 P 0
L 5.971202 1.7370078 6.0381311 1.7370078 0 P 0
L 5.971202 1.8629921 6.0381311 1.8629921 0 P 0
L 6.0085827 5.6446063 6.0085827 5.8453937 0 P 0
L 6.0220946 3.3315356 6.0220946 3.3984647 0 P 0
L 6.0220946 3.4348689 6.0220946 3.501798 0 P 0
L 6.0220946 3.5382022 6.0220946 3.6051313 0 P 0
L 6.0220946 3.6415355 6.0220946 3.7084646 0 P 0
L 6.025315 1.984567 6.025315 2.0554331 0 P 0
L 6.025315 1.984567 6.0646851 1.984567 0 P 0
L 6.025315 2.0554331 6.0646851 2.0554331 0 P 0
L 6.0264173 5.3294882 6.0264173 5.6405118 0 P 0
L 6.0264173 5.3294882 6.2035827 5.3294882 0 P 0
L 6.0264173 5.6405118 6.2035827 5.6405118 0 P 0
L 6.0319894 1.3970078 6.0319894 1.5229921 0 P 0
L 6.0381311 1.7370078 6.0381311 1.8629921 0 P 0
L 6.0646851 1.984567 6.0646851 2.0554331 0 P 0
L 6.075315 1.984567 6.075315 2.0554331 0 P 0
L 6.075315 1.984567 6.1146851 1.984567 0 P 0
L 6.075315 2.0554331 6.1146851 2.0554331 0 P 0
L 6.1146851 1.984567 6.1146851 2.0554331 0 P 0
L 6.1764173 5.6446063 6.1764173 5.8453937 0 P 0
L 6.1764173 5.6446063 6.3535827 5.6446063 0 P 0
L 6.1764173 5.8453937 6.3535827 5.8453937 0 P 0
L 6.2035827 5.3294882 6.2035827 5.6405118 0 P 0
L 6.2168504 2.1669291 6.2168504 2.5011811 0 P 0
L 6.2495355 6.8060629 6.2495355 6.9320472 0 P 0
L 6.2495355 6.8060629 6.3164646 6.8060629 0 P 0
L 6.2495355 6.9320472 6.3164646 6.9320472 0 P 0
L 6.2824409 1.530315 6.2824409 1.5696851 0 P 0
L 6.2824409 1.530315 6.353307 1.530315 0 P 0
L 6.2824409 1.5696851 6.353307 1.5696851 0 P 0
L 6.2827481 1.472315 6.2827481 1.5116851 0 P 0
L 6.2827481 1.472315 6.3536142 1.472315 0 P 0
L 6.2827481 1.5116851 6.3536142 1.5116851 0 P 0
L 6.2963308 2.1669291 6.2963308 2.5011811 0 P 0
L 6.2963308 2.1669291 6.6900316 2.1669291 0 P 0
L 6.2963308 2.5011811 6.6900316 2.5011811 0 P 0
L 6.3164646 6.8060629 6.3164646 6.9320472 0 P 0
L 6.353307 1.530315 6.353307 1.5696851 0 P 0
L 6.3535827 5.6446063 6.3535827 5.8453937 0 P 0
L 6.3536142 1.472315 6.3536142 1.5116851 0 P 0
L 6.3787402 3.7512599 6.3787402 3.9087402 0 P 0
L 6.3787402 3.7512599 6.7212598 3.7512599 0 P 0
L 6.3787402 3.9087402 6.7212598 3.9087402 0 P 0
L 6.3787402 4.0812599 6.3787402 4.2387402 0 P 0
L 6.3787402 4.0812599 6.7212598 4.0812599 0 P 0
L 6.3787402 4.2387402 6.7212598 4.2387402 0 P 0
L 6.3787402 4.4162599 6.3787402 4.5737402 0 P 0
L 6.3787402 4.4162599 6.7212598 4.4162599 0 P 0
L 6.3787402 4.5737402 6.7212598 4.5737402 0 P 0
L 6.3787402 4.7462599 6.3787402 4.9037402 0 P 0
L 6.3787402 4.7462599 6.7212598 4.7462599 0 P 0
L 6.3787402 4.9037402 6.7212598 4.9037402 0 P 0
L 6.3894882 2.9764173 6.3894882 3.1535827 0 P 0
L 6.3894882 2.9764173 6.7005118 2.9764173 0 P 0
L 6.3894882 3.1535827 6.7005118 3.1535827 0 P 0
L 6.3910997 1.425315 6.3910997 1.4646851 0 P 0
L 6.3910997 1.425315 6.4619658 1.425315 0 P 0
L 6.3910997 1.4646851 6.4619658 1.4646851 0 P 0
L 6.3984962 1.9863005 6.3984962 2.0571666 0 P 0
L 6.3984962 1.9863005 6.4378663 1.9863005 0 P 0
L 6.3984962 2.0571666 6.4378663 2.0571666 0 P 0
L 6.4378663 1.9863005 6.4378663 2.0571666 0 P 0
L 6.4568478 1.984567 6.4568478 2.0554331 0 P 0
L 6.4568478 1.984567 6.4962179 1.984567 0 P 0
L 6.4568478 2.0554331 6.4962179 2.0554331 0 P 0
L 6.4595827 2.2130079 6.4595827 2.3901733 0 P 0
L 6.4595827 2.2130079 6.6603701 2.2130079 0 P 0
L 6.4595827 2.3901733 6.6603701 2.3901733 0 P 0
L 6.4595827 2.5558032 6.4595827 2.7329686 0 P 0
L 6.4595827 2.5558032 6.6603701 2.5558032 0 P 0
L 6.4595827 2.7329686 6.6603701 2.7329686 0 P 0
L 6.4614173 5.3294882 6.4614173 5.6405118 0 P 0
L 6.4614173 5.3294882 6.6385827 5.3294882 0 P 0
L 6.4614173 5.6405118 6.6385827 5.6405118 0 P 0
L 6.4619658 1.425315 6.4619658 1.4646851 0 P 0
L 6.4962179 1.984567 6.4962179 2.0554331 0 P 0
L 6.5214173 5.6446063 6.5214173 5.8453937 0 P 0
L 6.5214173 5.6446063 6.6985827 5.6446063 0 P 0
L 6.5214173 5.8453937 6.6985827 5.8453937 0 P 0
L 6.5274962 1.984567 6.5274962 2.0554331 0 P 0
L 6.5274962 1.984567 6.5668663 1.984567 0 P 0
L 6.5274962 2.0554331 6.5668663 2.0554331 0 P 0
L 6.5408032 6.7757109 6.5408032 6.8450023 2 P 0
L 6.5408032 6.7757109 6.6746614 6.7757109 2 P 0
L 6.5408032 6.8450023 6.6746614 6.8450023 2 P 0
L 6.5477481 1.0803347 6.5477481 1.1197048 0 P 0
L 6.5477481 1.0803347 6.6186142 1.0803347 0 P 0
L 6.5477481 1.1197048 6.6186142 1.1197048 0 P 0
L 6.5477481 1.140315 6.5477481 1.1796851 0 P 0
L 6.5477481 1.140315 6.6186142 1.140315 0 P 0
L 6.5477481 1.1796851 6.6186142 1.1796851 0 P 0
L 6.5477481 1.1993701 6.5477481 1.2387402 0 P 0
L 6.5477481 1.1993701 6.6186142 1.1993701 0 P 0
L 6.5477481 1.2387402 6.6186142 1.2387402 0 P 0
L 6.5668663 1.984567 6.5668663 2.0554331 0 P 0
L 6.6055669 2.0346851 6.6055669 2.0740552 0 P 0
L 6.6055669 2.0346851 6.676433 2.0346851 0 P 0
L 6.6055669 2.0740552 6.676433 2.0740552 0 P 0
L 6.6186142 1.0803347 6.6186142 1.1197048 0 P 0
L 6.6186142 1.140315 6.6186142 1.1796851 0 P 0
L 6.6186142 1.1993701 6.6186142 1.2387402 0 P 0
L 6.6385827 5.3294882 6.6385827 5.6405118 0 P 0
L 6.6603701 2.2130079 6.6603701 2.3901733 0 P 0
L 6.6603701 2.5558032 6.6603701 2.7329686 0 P 0
L 6.6746614 6.7757109 6.6746614 6.8450023 2 P 0
L 6.676433 2.0346851 6.676433 2.0740552 0 P 0
L 6.6900316 2.1669291 6.6900316 2.5011811 0 P 0
L 6.6985827 5.6446063 6.6985827 5.8453937 0 P 0
L 6.7005118 2.9764173 6.7005118 3.1535827 0 P 0
L 6.7212598 3.7512599 6.7212598 3.9087402 0 P 0
L 6.7212598 4.0812599 6.7212598 4.2387402 0 P 0
L 6.7212598 4.4162599 6.7212598 4.5737402 0 P 0
L 6.7212598 4.7462599 6.7212598 4.9037402 0 P 0
L 6.8964173 5.3294882 6.8964173 5.6405118 0 P 0
L 6.8964173 5.3294882 7.0735827 5.3294882 0 P 0
L 6.8964173 5.6405118 7.0735827 5.6405118 0 P 0
L 7.0365354 1.4570079 7.0365354 1.5829922 0 P 0
L 7.0365354 1.4570079 7.1034645 1.4570079 0 P 0
L 7.0365354 1.5829922 7.1034645 1.5829922 0 P 0
L 7.0365354 1.6470079 7.0365354 1.7729922 0 P 0
L 7.0365354 1.6470079 7.1034645 1.6470079 0 P 0
L 7.0365354 1.7729922 7.1034645 1.7729922 0 P 0
L 7.0365355 1.0570078 7.0365355 1.1829921 0 P 0
L 7.0365355 1.0570078 7.1034646 1.0570078 0 P 0
L 7.0365355 1.1829921 7.1034646 1.1829921 0 P 0
L 7.0365355 1.2470078 7.0365355 1.3729921 0 P 0
L 7.0365355 1.2470078 7.1034646 1.2470078 0 P 0
L 7.0365355 1.3729921 7.1034646 1.3729921 0 P 0
L 7.0735827 5.3294882 7.0735827 5.6405118 0 P 0
L 7.1034645 1.4570079 7.1034645 1.5829922 0 P 0
L 7.1034645 1.6470079 7.1034645 1.7729922 0 P 0
L 7.1034646 1.0570078 7.1034646 1.1829921 0 P 0
L 7.1034646 1.2470078 7.1034646 1.3729921 0 P 0
L 7.2365354 1.0570079 7.2365354 1.1829922 0 P 0
L 7.2365354 1.0570079 7.3034645 1.0570079 0 P 0
L 7.2365354 1.1829922 7.3034645 1.1829922 0 P 0
L 7.2965354 3.5902738 7.2965354 3.7162581 0 P 0
L 7.2965354 3.5902738 7.3634645 3.5902738 0 P 0
L 7.2965354 3.7162581 7.3634645 3.7162581 0 P 0
L 7.3034645 1.0570079 7.3034645 1.1829922 0 P 0
L 7.3634645 3.5902738 7.3634645 3.7162581 0 P 0
L 7.4078346 4.0115748 7.4078346 4.2084252 0 P 0
L 7.4078346 4.0115748 7.5653149 4.0115748 0 P 0
L 7.4078346 4.2084252 7.5653149 4.2084252 0 P 0
L 7.4078346 4.249908 7.4078346 4.4467584 0 P 0
L 7.4078346 4.249908 7.5653149 4.249908 0 P 0
L 7.4078346 4.4467584 7.5653149 4.4467584 0 P 0
L 7.4078346 4.4882414 7.4078346 4.6850918 0 P 0
L 7.4078346 4.4882414 7.5653149 4.4882414 0 P 0
L 7.4078346 4.6850918 7.5653149 4.6850918 0 P 0
L 7.4078346 4.7265746 7.4078346 4.923425 0 P 0
L 7.4078346 4.7265746 7.5653149 4.7265746 0 P 0
L 7.4078346 4.923425 7.5653149 4.923425 0 P 0
L 7.4445354 1.4070078 7.4445354 1.5329921 0 P 0
L 7.4445354 1.4070078 7.5114645 1.4070078 0 P 0
L 7.4445354 1.5329921 7.5114645 1.5329921 0 P 0
L 7.5114645 1.4070078 7.5114645 1.5329921 0 P 0
L 7.5570079 3.2465355 7.5570079 3.3134646 0 P 0
L 7.5570079 3.2465355 7.6829922 3.2465355 0 P 0
L 7.5570079 3.3134646 7.6829922 3.3134646 0 P 0
L 7.5653149 4.0115748 7.5653149 4.2084252 0 P 0
L 7.5653149 4.249908 7.5653149 4.4467584 0 P 0
L 7.5653149 4.4882414 7.5653149 4.6850918 0 P 0
L 7.5653149 4.7265746 7.5653149 4.923425 0 P 0
L 7.5665354 1.4070078 7.5665354 1.5329921 0 P 0
L 7.5665354 1.4070078 7.6334645 1.4070078 0 P 0
L 7.5665354 1.5329921 7.6334645 1.5329921 0 P 0
L 7.6334645 1.4070078 7.6334645 1.5329921 0 P 0
L 7.6829922 3.2465355 7.6829922 3.3134646 0 P 0
